1 Nearest Neighbor
174
178
287
194
181
181
280
280
280
287
240
253
190
262
181
194
264
251
286
174
286
199
173
272
171
156
273
224
191
287
175
264
264
280
178
282
183
273
163
231
251
240
253
198
199
163
231
287
280
199
272
264
178
262
264
178
165
273
181
237
268
161
181
156
199
272
183
251
287
231
207
224
181
252
264
286
251
287
174
199
246
181
251
268
191
199
264
251
183
199
264
275
174
286
264
252
246
161
191
268
2 Nearest Neighbor
461
264
458
224
175
286
252
438
286
282
175
232
181
280
338
181
264
451
287
178
519
199
379
224
224
458
451
282
451
181
374
252
272
181
206
206
181
264
264
181
156
338
447
338
280
181
253
282
268
252
272
275
280
385
488
163
268
287
178
175
397
199
199
199
232
492
264
198
199
268
178
477
400
414
282
379
156
262
286
264
181
264
199
272
414
273
178
445
161
414
199
461
264
519
404
264
246
191
264
165
3 Nearest Neighbor
264
509
546
338
252
517
362
171
178
240
381
519
264
272
181
174
405
268
280
181
492
252
251
280
264
492
280
232
490
461
252
461
392
218
178
163
282
199
252
165
251
251
264
458
268
165
286
181
171
232
264
175
490
532
264
181
268
171
280
404
218
175
191
268
178
190
181
181
509
280
280
570
286
224
647
252
253
517
286
461
252
488
268
280
165
461
519
461
490
253
517
264
414
268
171
264
519
191
404
178
4 Nearest Neighbor
199
199
224
488
338
268
509
251
181
181
224
161
776
199
461
199
232
490
280
546
174
461
190
338
178
697
175
264
253
461
181
264
175
251
175
262
319
456
509
264
893
319
268
287
546
190
512
264
451
362
445
280
253
264
251
488
252
365
488
199
338
519
262
287
338
199
181
461
484
405
218
181
381
704
591
199
181
456
461
262
559
199
319
322
251
199
362
380
338
282
570
447
598
461
598
458
282
509
461
445
5 Nearest Neighbor
680
251
445
253
175
232
232
338
268
445
537
445
519
338
565
704
251
264
264
519
477
218
461
199
199
275
445
224
647
191
461
365
264
251
286
199
264
286
181
451
494
199
253
509
181
161
181
338
776
199
404
171
191
509
181
181
509
280
458
365
704
287
362
591
458
264
338
163
171
199
488
232
532
723
814
374
264
519
512
647
519
264
319
251
680
338
262
199
362
199
268
380
252
509
570
519
381
264
199
264
6 Nearest Neighbor
286
280
286
253
461
461
723
264
268
814
264
264
253
490
287
682
199
762
161
161
286
519
178
319
272
251
338
264
252
488
702
338
286
240
199
509
461
451
789
461
268
402
789
789
445
319
268
264
199
178
286
264
461
519
723
570
280
445
218
264
287
171
445
702
488
264
461
509
287
570
264
519
381
252
264
280
280
445
445
334
338
280
253
532
181
461
268
559
175
171
232
563
575
647
338
509
492
264
680
598
7 Nearest Neighbor
488
458
726
458
532
191
445
488
549
570
704
519
338
268
264
488
702
380
565
598
282
280
161
338
519
488
380
199
252
199
161
697
240
264
509
436
492
199
477
286
251
702
264
461
246
445
492
264
1003
365
264
445
461
264
492
1142
338
165
704
199
286
280
893
414
680
338
253
232
458
461
199
451
380
338
461
252
253
280
199
461
199
264
461
287
445
190
445
509
488
776
563
280
251
647
477
575
338
376
546
519
8 Nearest Neighbor
190
251
402
338
264
461
252
575
286
537
405
264
199
445
338
492
362
445
181
490
490
218
199
451
445
492
338
451
338
424
252
264
436
451
380
431
575
461
286
402
814
750
414
380
264
362
461
199
559
461
199
762
451
461
532
268
445
338
253
591
402
563
286
268
726
789
488
519
240
445
509
682
282
488
492
680
461
338
268
280
967
704
697
251
490
264
461
789
287
762
461
286
431
1125
477
338
445
447
682
380
9 Nearest Neighbor
461
762
362
165
519
402
445
490
181
519
253
445
750
280
280
519
956
338
287
546
199
253
445
264
461
365
517
517
488
492
338
461
365
680
199
252
451
199
776
199
252
872
544
490
338
251
509
280
517
380
365
264
492
199
405
253
956
445
280
492
488
199
445
490
702
445
253
286
461
571
199
492
175
199
165
286
445
414
264
445
165
458
338
546
338
517
380
264
445
436
362
175
414
163
461
488
461
253
264
490
10 Nearest Neighbor
544
414
362
280
571
405
431
264
893
286
956
199
776
519
517
488
199
832
879
789
470
570
199
445
679
532
338
338
488
509
789
365
362
199
165
264
679
264
537
776
598
264
414
570
253
338
199
461
268
484
492
517
338
380
517
252
264
445
445
512
470
519
546
517
461
362
477
704
380
519
477
264
199
832
1142
490
365
458
494
488
750
268
461
570
251
571
331
776
492
287
338
726
280
268
264
319
682
286
264
326
