1 Nearest Neighbor
130
176
120
138
119
131
119
129
186
119
137
184
166
191
148
122
191
117
166
188
184
191
176
113
128
120
156
160
117
108
148
131
113
165
177
138
165
155
181
120
119
148
136
189
107
189
138
166
131
176
165
144
191
129
107
102
129
120
176
176
152
184
108
199
184
186
138
181
117
144
117
131
192
137
106
165
131
188
119
184
148
188
191
186
170
156
186
191
129
120
166
138
191
176
134
129
137
181
170
120
2 Nearest Neighbor
166
165
223
118
120
134
117
184
165
317
191
113
325
134
306
165
166
273
120
191
129
155
288
299
299
137
186
313
266
306
117
184
120
186
191
250
129
181
129
129
289
181
129
184
137
166
191
117
166
176
128
184
282
289
120
289
288
120
184
176
184
117
225
328
191
295
254
119
191
250
301
165
129
309
262
309
134
299
137
131
259
131
137
181
336
181
119
137
313
144
137
181
136
117
321
273
138
317
275
165
3 Nearest Neighbor
191
320
108
259
321
191
328
166
184
129
105
184
191
101
321
328
443
432
186
325
184
137
306
289
288
299
336
191
137
137
166
299
120
295
294
117
191
191
299
482
136
176
353
317
165
313
381
282
336
225
294
289
299
170
225
184
176
128
136
314
181
184
306
181
137
299
312
328
266
101
106
176
332
328
188
105
306
122
328
299
301
120
312
335
131
288
188
106
313
312
108
117
312
181
119
246
166
131
166
312
4 Nearest Neighbor
120
176
176
335
317
137
176
137
461
328
317
128
367
457
312
473
137
137
164
166
299
138
452
191
148
504
336
176
202
432
301
137
191
306
394
314
367
120
289
306
191
294
443
317
131
289
181
181
332
138
176
186
117
317
504
414
433
313
309
314
138
220
306
313
165
166
165
131
165
184
275
117
119
381
136
310
295
313
306
336
108
317
353
166
273
186
189
289
320
447
273
457
313
120
184
191
250
433
184
275
5 Nearest Neighbor
328
501
186
260
131
461
273
120
120
312
131
191
246
117
504
138
312
335
438
186
128
414
309
317
432
184
436
186
306
176
452
312
191
294
433
138
461
265
380
155
272
317
314
257
432
202
461
335
176
433
273
294
482
278
181
128
306
186
312
314
166
366
306
367
120
313
359
313
433
155
191
432
511
461
273
432
420
246
246
225
433
108
137
433
250
461
176
148
184
457
473
122
138
289
105
317
260
138
432
128
6 Nearest Neighbor
278
433
236
312
457
367
410
184
117
137
137
184
301
294
583
457
310
460
309
394
310
504
473
128
309
504
131
184
138
336
353
433
335
320
138
220
117
294
321
336
165
433
272
312
148
137
260
317
399
250
191
353
504
120
294
473
320
435
320
453
120
461
624
137
306
453
166
312
420
583
368
191
579
105
399
432
191
461
443
191
191
250
366
184
501
317
504
314
166
461
131
432
137
176
165
336
321
310
166
461
7 Nearest Neighbor
443
432
294
306
120
317
117
353
294
191
294
436
266
457
312
131
306
262
117
306
138
199
306
294
312
306
275
191
314
368
335
435
119
336
312
117
117
579
120
120
321
289
137
443
273
305
590
511
181
432
295
117
294
436
265
336
120
432
160
461
106
246
108
137
317
306
420
176
120
293
384
394
184
501
314
427
322
432
272
131
461
436
336
602
504
432
579
317
137
420
278
433
312
394
433
294
368
317
443
301
8 Nearest Neighbor
270
447
131
310
461
457
567
443
366
186
184
301
501
317
359
321
366
504
420
138
394
457
453
602
579
306
265
282
119
504
306
166
453
407
350
278
420
414
306
457
433
317
306
250
343
137
106
294
275
504
443
317
501
184
457
423
457
353
321
119
414
420
294
117
420
191
335
306
137
312
511
335
433
317
335
272
473
265
137
321
461
250
275
236
460
432
314
306
363
412
176
131
246
332
321
432
433
457
312
461
9 Nearest Neighbor
295
186
320
265
420
454
399
461
166
447
312
314
165
339
579
165
165
236
447
322
602
137
138
433
278
120
108
368
314
117
454
366
138
265
473
306
306
467
250
262
461
414
624
312
432
186
138
246
120
473
176
138
225
272
454
350
453
559
306
336
314
454
504
184
443
138
640
436
289
108
246
590
420
436
191
294
106
306
289
523
423
317
293
336
186
306
559
312
314
265
301
120
322
640
454
465
138
432
504
250
10 Nearest Neighbor
602
350
329
453
186
222
246
504
314
225
414
306
321
447
436
314
312
246
454
246
246
186
301
454
461
511
441
384
504
368
294
312
310
457
569
394
433
359
301
312
353
257
105
448
590
511
265
454
353
436
335
339
106
454
447
399
314
511
379
583
457
322
317
461
301
465
511
412
312
523
579
312
273
312
320
423
312
298
457
262
453
504
454
120
457
408
138
504
225
454
335
165
467
322
336
138
257
561
294
368
