0.01 percent	0.02 percent	0.03 percent	0.04 percent	0.05 percent	0.06 percent	0.07 percent	0.08 percent	0.09 percent	0.1 percent
595	819	527	897	336	751	758	688	1363	642
504	572	583	832	842	1484	802	611	417	777
479	457	245	271	849	622	590	642	338	771
555	301	449	725	959	640	644	486	1028	590
427	482	417	439	589	503	489	711	410	330
404	375	358	442	758	605	804	779	617	936
307	490	455	725	954	675	739	837	710	589
410	921	164	760	571	234	1140	646	787	832
0	776	311	457	706	1142	517	296	707	561
976	423	526	1082	642	539	338	705	1550	489
454	714	440	403	811	1007	733	507	628	1010
452	551	622	989	302	458	489	446	890	1174
417	764	490	410	758	771	613	407	706	321
287	1526	473	442	200	810	741	777	606	1078
371	501	564	750	606	920	419	915	427	831
179	849	590	486	929	572	311	649	1110	296
322	321	334	931	851	1275	409	735	913	733
655	458	551	501	890	374	667	1617	1036	892
448	542	695	749	708	405	299	698	1207	784
596	892	822	427	612	770	823	771	584	1751
489	606	921	564	634	561	1591	1072	747	915
578	407	336	457	439	328	1032	334	590	706
292	335	322	961	921	306	1648	380	525	263
452	486	276	457	929	837	861	455	785	734
564	313	417	601	1396	702	702	317	642	1123
264	589	1348	586	606	454	1124	303	605	1662
642	268	137	790	365	126	334	457	1081	409
322	789	511	501	620	632	506	405	781	697
362	364	305	699	1183	760	1026	747	771	1035
449	664	322	502	454	776	588	336	1049	915
517	504	251	456	889	467	283	841	1246	321
427	712	860	334	734	598	442	582	610	1272
458	421	454	506	542	317	673	337	969	498
302	578	1065	861	675	1007	738	905	1791	514
663	486	722	542	584	577	2762	1155	718	826
184	639	796	541	371	1150	838	454	675	913
506	561	296	427	526	336	771	593	743	640
224	857	555	560	408	1265	312	489	433	311
179	372	506	895	593	1023	642	554	458	311
322	504	317	741	336	554	504	1021	642	564
336	503	1001	159	855	1254	642	670	880	911
796	312	402	504	899	698	732	897	808	765
527	435	430	632	491	485	606	358	628	504
457	1062	328	449	147	936	747	502	648	698
623	929	915	606	670	457	531	486	651	953
556	338	303	504	640	443	622	586	2210	595
486	515	336	642	620	669	642	502	589	760
593	440	823	306	261	961	857	336	427	915
874	498	553	350	800	698	741	1270	747	802
334	679	668	674	508	875	795	588	622	692
343	651	336	605	861	570	501	280	508	569
461	294	407	336	342	981	677	549	662	889
449	335	602	1231	590	708	736	610	1304	758
1328	477	511	742	655	311	642	147	1414	373
478	1123	454	688	802	1263	281	984	501	739
560	492	440	503	745	290	674	586	428	618
431	504	321	957	665	929	768	501	1310	748
545	311	815	782	869	170	511	624	1038	846
467	384	465	688	982	1144	816	786	486	883
313	578	313	1572	972	345	1310	1021	644	461
874	395	317	628	407	892	786	298	407	908
604	590	512	1088	1160	895	396	486	296	323
588	184	291	148	606	719	1388	452	544	640
549	494	455	413	822	1082	749	915	442	681
0	473	395	686	632	744	1316	688	589	826
147	417	422	752	608	342	1041	1052	334	855
602	311	570	976	652	290	808	847	889	735
218	294	299	891	723	407	642	1435	719	595
491	363	458	416	794	405	498	642	427	454
702	613	559	786	354	2117	1137	786	515	603
714	153	721	368	590	653	503	702	377	820
327	596	506	1096	170	750	291	642	739	746
259	401	606	325	529	489	620	407	486	988
276	338	523	312	503	510	401	1591	561	840
812	373	303	363	642	734	598	648	837	479
358	362	504	708	328	771	209	696	442	494
229	254	740	407	1020	503	793	968	388	595
663	515	642	774	906	586	1175	657	851	286
642	409	568	504	709	923	576	321	1346	723
504	431	974	583	462	626	929	396	491	966
511	491	611	840	786	407	504	697	738	209
405	480	704	311	618	680	869	431	936	613
491	275	758	702	667	595	632	147	741	1446
743	473	600	137	338	439	473	684	521	560
500	0	489	508	632	710	606	752	589	768
298	476	883	482	342	486	642	1116	491	802
402	379	458	334	638	648	1104	771	514	1064
1077	458	346	446	137	353	1777	542	618	2158
128	853	976	457	766	433	910	583	334	1182
465	504	734	283	981	620	697	1023	1280	745
321	311	317	298	585	834	556	1243	718	771
309	187	728	549	322	733	802	407	618	587
300	298	1044	614	345	779	433	302	511	2036
321	209	526	853	873	898	760	661	729	1157
433	582	603	169	623	722	1104	589	588	1804
561	374	889	317	465	614	556	876	622	504
338	418	758	614	1125	651	802	588	502	1416
607	507	481	280	699	850	822	1147	1022	2813
264	336	823	442	1759	792	587	590	953	494
156	312	336	735	303	833	526	812	573	519
445	473	390	642	888	446	724	405	692	486
642	709	905	740	642	642	1257	728	1168	997
524	989	691	338	515	449	733	553	895	836
549	579	334	409	406	584	381	1141	642	614
616	228	482	338	496	432	606	989	526	147
493	685	489	750	675	574	771	708	418	688
303	573	754	321	603	600	660	1191	467	535
299	454	888	298	482	312	623	802	702	711
614	614	510	409	954	371	724	519	926	616
184	337	560	795	446	449	863	1123	802	729
321	362	137	184	1529	303	506	400	802	727
305	416	483	655	529	321	460	335	819	681
323	638	776	584	504	758	863	335	889	916
378	647	321	858	640	489	459	427	614	372
466	367	468	605	702	542	594	641	465	442
263	812	1306	593	976	1005	672	740	984	669
454	776	317	438	477	724	752	683	642	781
184	788	257	597	1088	479	126	1342	927	774
776	405	454	312	454	610	643	612	612	1234
502	299	610	572	413	458	1104	170	589	802
422	117	459	735	467	584	614	450	973	743
336	683	489	767	247	556	839	1096	771	561
766	527	449	1037	601	1293	1183	806	632	632
362	320	334	336	729	486	519	642	511	586
457	560	473	465	700	497	472	606	691	430
770	299	741	441	285	561	608	454	2265	486
336	504	504	510	321	334	802	777	812	489
381	482	454	422	336	588	517	486	394	1310
364	561	322	311	403	640	313	475	439	338
276	651	327	559	247	1157	661	610	803	971
665	479	476	501	491	675	510	730	709	938
454	184	776	885	528	642	126	610	914	773
504	480	581	745	702	507	596	1040	741	472
328	184	400	590	698	280	446	771	842	598
486	210	409	621	702	747	1899	502	640	739
433	361	410	586	589	642	643	699	588	846
440	499	1126	480	457	574	632	922	613	635
497	590	663	490	671	479	442	1040	1901	717
462	467	409	501	582	321	439	644	656	1120
406	541	337	585	362	590	784	721	1220	977
646	559	1066	354	409	1402	590	312	584	1015
420	342	276	491	373	464	594	1260	611	407
389	321	254	336	776	299	422	260	1155	646
336	1041	724	734	606	688	439	521	674	852
663	305	696	668	880	632	1528	1044	1104	1155
590	602	292	919	335	593	298	1136	930	775
535	1512	685	457	504	569	358	432	937	1059
454	675	0	321	606	702	1774	740	1171	1812
274	433	458	485	504	840	807	741	457	658
683	528	504	1543	1022	725	588	504	1197	889
311	606	504	116	457	1136	708	550	1183	990
155	655	338	115	1529	861	504	614	610	923
342	856	588	647	614	554	607	911	1072	407
327	485	572	298	486	417	593	841	747	1038
328	834	358	939	777	303	611	728	1129	1383
732	928	839	747	727	638	959	464	1546	849
591	1303	511	455	606	298	428	561	1081	989
328	1673	439	976	504	311	521	533	574	401
675	554	473	445	734	430	695	334	1801	2887
321	605	683	806	727	427	1427	878	805	647
545	281	467	606	779	298	210	1186	1018	828
404	976	321	303	421	815	990	1228	671	1818
323	426	508	1170	526	1415	427	779	137	504
471	491	1082	504	527	733	503	739	622	642
448	184	409	898	1944	732	841	739	334	906
516	452	378	489	652	684	294	309	683	843
320	342	760	489	547	1142	867	743	492	1297
439	464	605	786	482	683	298	607	147	618
454	308	455	525	504	299	1249	1354	184	611
542	325	532	849	935	1095	767	562	853	561
592	485	603	616	296	975	675	656	898	933
370	504	561	508	506	697	296	475	777	857
446	259	625	287	392	1015	457	265	431	890
634	129	734	545	804	718	462	637	290	657
334	428	642	976	685	549	565	816	502	905
126	348	627	717	432	729	504	625	919	741
525	126	370	784	786	620	281	1162	924	338
696	947	504	2017	506	431	427	771	737	1346
311	578	518	552	823	915	796	989	1092	642
447	578	482	825	353	601	321	410	690	895
529	334	1082	588	606	1181	800	590	590	348
465	489	604	209	949	721	334	642	1100	464
334	246	771	1203	296	517	588	555	1147	504
304	406	590	511	486	573	720	683	738	805
489	776	826	515	1062	365	800	502	758	334
452	401	642	546	718	1946	445	642	600	464
461	442	319	712	676	321	373	807	449	711
334	321	758	427	407	747	409	321	813	1079
373	503	688	638	306	555	574	652	589	620
336	832	516	432	649	298	401	1284	544	784
365	410	1253	561	960	1637	870	881	466	1078
164	695	317	760	640	454	941	503	589	561
193	487	307	336	718	457	467	963	915	407
510	281	486	628	692	457	299	263	449	761
640	654	457	836	342	322	502	977	501	602
432	586	1020	504	578	788	1136	784	819	976
299	336	795	551	997	642	884	805	1549	837
642	486	334	334	1466	584	317	738	447	652
475	299	223	666	576	561	892	498	615	936
271	489	668	465	455	563	1454	334	407	1560
323	377	760	476	614	928	667	799	2080	905
1040	937	976	449	638	787	928	733	905	896
589	482	457	939	306	882	572	729	334	489
388	840	725	328	550	905	397	552	299	439
452	2301	874	828	427	489	554	502	479	783
327	433	731	928	771	735	406	638	1324	720
462	289	776	457	525	652	409	641	1414	661
406	642	786	506	611	803	486	1524	696	710
271	321	618	491	338	491	812	623	334	925
299	734	852	327	591	535	299	817	723	1240
568	606	735	454	334	584	336	460	427	754
344	334	671	972	506	727	733	847	466	895
448	433	304	290	685	811	669	299	506	504
279	439	582	590	909	265	674	433	338	456
298	704	501	731	776	568	812	786	454	1104
614	115	447	819	868	427	588	468	620	606
358	667	421	414	454	596	933	868	890	561
821	289	430	184	335	666	516	1181	1415	1036
996	457	516	492	936	638	468	721	453	485
367	421	306	470	1010	387	708	398	476	622
320	0	740	149	497	610	573	734	624	637
470	457	368	688	683	915	1465	1126	338	649
867	1467	876	504	652	885	672	681	1104	734
786	179	392	487	427	501	1191	1108	667	783
586	362	336	335	1402	2032	491	323	1504	502
709	457	303	254	969	584	938	1020	833	913
579	551	716	663	552	559	675	648	304	353
590	739	334	353	330	740	442	911	606	788
137	409	395	454	426	492	733	760	896	883
153	1152	702	303	1478	639	953	506	642	786
278	606	821	292	328	681	805	1197	672	948
506	582	610	760	328	614	427	667	561	610
476	336	458	641	976	606	553	260	881	738
169	448	501	327	730	910	1071	1391	561	586
542	590	559	373	745	460	1037	605	590	462
420	638	704	473	504	622	576	1490	590	638
692	964	407	456	632	915	1076	468	291	706
595	1021	502	326	776	502	595	1154	648	833
586	548	586	486	614	613	771	489	1693	338
358	482	1220	472	526	427	906	504	468	642
817	964	446	504	732	1207	739	126	727	1278
516	515	276	209	727	504	1168	811	503	620
286	345	498	515	210	1273	621	657	998	590
115	527	209	336	126	771	856	836	1287	454
321	414	477	606	464	336	2635	539	554	1041
549	303	184	325	622	486	129	423	1082	296
448	207	639	683	786	589	582	454	408	1065
596	1020	586	590	281	706	296	744	1877	771
597	460	515	427	394	510	652	394	916	593
350	456	321	559	784	691	548	647	1179	1109
257	576	296	538	450	421	317	502	874	454
511	486	372	735	294	1174	771	771	522	491
593	425	347	584	1091	389	586	1678	599	2090
489	408	595	912	812	303	420	826	588	358
239	563	471	1384	624	723	322	358	876	261
389	603	552	739	1055	704	771	1092	1240	943
280	280	320	849	873	1079	533	590	560	1090
744	686	642	365	1142	467	1015	761	1069	895
1135	614	206	294	578	729	1160	1082	533	871
504	282	303	560	147	311	586	526	1083	1093
336	153	638	361	326	743	916	263	532	585
377	125	483	457	808	427	819	779	598	905
209	712	504	486	814	388	733	657	486	602
642	677	590	533	532	697	764	741	1190	1386
302	184	561	587	874	504	773	661	648	965
462	969	338	733	893	681	678	991	1239	504
321	340	336	446	611	812	334	2581	719	407
513	403	938	296	1253	752	917	647	523	147
621	410	335	590	593	1062	683	2105	586	489
323	281	597	734	834	996	311	336	170	727
533	590	849	866	455	640	633	1196	993	586
294	799	699	303	375	776	148	445	659	413
526	457	576	371	593	722	577	812	826	502
590	863	593	468	974	420	590	1324	442	1588
809	454	776	559	283	1263	833	576	993	1208
422	502	491	883	323	298	616	642	632	408
604	699	200	454	734	740	726	405	647	412
702	1121	636	1543	620	498	991	1174	336	947
410	440	493	1013	418	771	951	638	899	1248
504	446	1012	929	298	317	338	604	795	998
544	563	617	567	452	912	892	1037	976	323
561	336	636	760	1091	628	307	230	708	892
336	846	396	302	743	588	338	640	602	1075
299	164	618	384	827	921	1142	1036	772	317
490	544	858	289	515	606	129	1523	667	805
322	311	637	990	542	407	502	965	170	763
358	420	478	541	458	857	409	1348	747	561
615	356	147	525	610	667	595	777	874	590
147	928	590	630	708	462	338	642	602	716
923	504	358	606	800	579	756	504	1429	1515
454	551	147	427	554	457	590	632	732	2018
336	407	300	605	475	338	574	418	760	831
389	624	427	387	466	441	762	645	486	418
504	663	464	258	599	555	430	442	1315	606
335	582	454	604	642	939	711	588	771	967
463	184	692	170	452	899	230	704	683	606
590	291	624	433	263	302	560	616	588	549
334	147	706	230	873	614	466	3314	905	467
314	573	486	980	1617	917	905	606	578	445
381	1059	319	262	583	737	585	985	807	718
318	689	521	336	639	587	1815	323	889	1310
137	157	251	675	1115	851	263	553	504	857
590	582	402	670	328	516	936	733	569	1241
138	405	242	790	446	429	420	642	427	439
432	422	374	286	546	772	644	931	894	775
442	457	510	184	613	621	652	1648	624	915
126	298	1106	527	742	427	620	511	632	578
749	545	614	732	501	298	1162	746	954	587
126	1062	599	440	455	323	458	738	1012	1487
270	606	839	782	407	640	632	936	632	973
502	285	905	723	1688	1562	299	853	752	795
341	501	228	769	170	891	561	334	541	712
358	708	427	734	642	585	614	532	1556	502
582	632	733	652	839	386	753	1090	976	937
604	540	321	605	587	581	605	795	458	638
119	642	435	722	494	899	1145	1253	949	747
278	270	419	702	286	284	614	491	1794	612
829	504	336	556	263	626	740	611	772	624
475	1085	284	734	532	486	1235	617	286	1064
301	752	1003	740	632	1062	732	1687	935	869
604	281	762	921	985	937	298	593	575	629
462	427	433	668	785	427	1025	729	427	677
596	334	164	452	574	311	486	964	433	307
335	527	903	822	405	876	670	640	771	622
292	274	1347	395	489	486	1810	312	431	642
420	388	503	521	939	492	733	550	612	298
573	503	234	674	610	1224	649	647	628	604
293	370	878	501	819	640	556	723	342	568
529	1032	488	448	812	465	1015	372	739	494
289	280	478	276	401	645	296	691	1080	939
2202	433	776	601	501	551	1162	503	772	584
454	822	582	729	789	439	732	663	610	299
284	374	1611	447	920	831	401	2054	261	709
153	299	590	401	1062	747	458	632	2277	714
184	606	506	646	702	464	439	1091	782	1777
817	709	618	526	544	291	306	246	349	1205
336	1246	611	530	937	334	736	812	503	586
796	486	506	588	901	251	454	574	732	651
640	857	381	1015	642	851	336	442	465	263
760	919	561	732	771	361	338	795	648	1135
312	607	621	299	457	458	587	296	771	434
976	399	538	1107	606	321	307	449	610	588
479	499	465	592	504	676	1208	296	706	762
817	182	959	512	427	320	727	568	748	286
365	590	590	939	912	1016	449	598	961	1192
283	956	613	417	724	508	506	261	1400	610
281	395	302	473	515	542	446	320	554	808
488	417	233	1070	606	675	805	741	482	411
487	234	126	869	491	648	454	637	711	741
414	892	312	1156	632	821	587	905	1043	724
504	299	838	284	489	263	740	1031	820	739
465	482	622	848	433	1021	655	823	787	604
285	568	760	647	410	621	842	815	851	815
486	709	321	601	996	414	561	748	984	911
467	1041	138	579	561	1543	1003	334	454	452
642	336	1277	657	478	676	588	786	1791	1953
682	251	590	730	503	129	407	582	321	648
702	418	485	593	263	317	427	936	915	1091
561	405	576	1049	1525	577	918	717	1682	464
722	298	441	503	738	371	601	863	1119	584
402	296	617	800	986	442	586	317	1251	706
350	458	535	417	696	1201	284	640	532	771
642	511	897	533	676	727	826	170	462	1107
506	544	271	275	642	681	889	963	491	427
516	582	478	1070	464	725	2033	377	504	940
358	601	959	614	303	335	834	906	328	422
334	461	450	485	632	279	798	586	489	407
504	1126	296	147	515	638	323	598	913	311
211	608	808	730	126	729	590	915	582	798
321	483	358	564	293	526	427	590	498	351
268	223	1780	541	670	684	588	626	632	783
584	122	877	939	713	487	464	171	751	407
668	1463	533	604	735	458	312	605	3438	932
499	670	989	335	712	322	2626	696	642	727
467	604	338	467	501	931	1097	1091	3169	991
775	446	494	728	2360	967	1157	517	822	642
503	444	642	452	381	855	527	794	1042	1425
300	454	1019	486	738	905	418	640	1119	771
322	510	582	504	881	427	431	683	734	428
448	591	460	170	606	361	594	1117	912	814
697	502	454	367	171	706	338	561	334	770
952	252	582	936	322	1179	667	1237	311	754
998	561	1144	732	515	621	529	740	648	786
582	586	559	815	2943	957	506	688	336	632
874	263	407	775	503	831	747	937	468	747
606	621	627	473	921	442	334	939	668	733
267	363	1396	427	574	704	1276	1019	610	913
320	179	718	491	3295	740	525	855	608	590
170	709	1648	526	844	520	728	320	338	663
312	502	187	735	867	396	544	506	684	1688
730	560	454	702	456	286	1021	342	504	1184
143	590	740	457	1163	1174	642	954	750	614
454	299	997	1278	943	642	385	1074	1273	1788
590	512	976	520	870	429	974	819	933	874
334	1014	605	170	481	600	2300	515	439	584
312	517	526	246	876	1777	895	504	662	428
468	577	860	126	209	1789	531	1037	988	1270
590	628	263	389	489	373	892	813	647	1291
473	224	233	2277	422	679	873	504	771	771
422	711	126	640	777	1057	1067	829	281	541
334	618	1006	325	1000	311	1199	603	991	486
960	359	776	554	408	931	710	649	802	903
698	378	346	454	915	551	973	582	771	596
504	855	865	463	334	812	1076	795	708	657
434	441	524	487	589	526	905	740	1120	786
336	504	639	913	976	922	798	803	642	401
783	405	323	447	454	504	336	603	409	904
688	683	502	345	454	800	317	1797	401	670
281	525	702	726	604	318	409	1132	317	1120
615	499	358	557	534	831	805	562	905	771
298	164	876	126	508	642	631	1955	702	614
428	423	281	609	889	465	1123	642	1048	976
281	486	842	298	912	736	648	738	464	632
364	527	560	600	454	994	738	608	561	479
845	349	856	491	322	642	532	486	1237	797
421	831	604	642	362	1109	605	673	702	642
292	408	1539	406	491	590	889	588	291	561
126	606	421	827	324	551	593	1137	734	559
559	830	776	484	668	298	382	771	718	464
524	668	246	489	336	861	632	600	839	762
336	606	668	1479	640	786	606	506	1168	441
874	462	689	489	966	698	734	865	263	559
450	342	621	839	303	294	1151	729	286	460
276	403	169	594	1018	321	762	754	770	632
822	502	497	501	347	1160	508	1044	794	1061
303	310	506	504	1020	410	489	648	651	1084
622	336	311	1028	312	479	1038	467	771	752
170	688	316	481	575	948	170	504	1069	270
299	582	526	321	820	456	959	679	2319	446
200	489	545	955	611	772	585	549	905	582
490	1369	712	771	617	1689	489	745	322	795
169	433	1766	578	338	937	588	501	706	284
386	653	481	311	626	533	872	322	693	489
699	786	642	317	442	428	251	458	640	642
275	415	299	467	170	590	679	649	642	900
338	422	251	803	550	684	719	561	458	320
143	416	504	1557	668	652	1040	855	953	586
409	335	454	263	417	334	642	611	611	745
301	299	514	394	504	676	588	296	393	601
456	338	458	506	806	693	966	746	427	900
368	621	511	721	1022	465	697	504	334	564
452	334	537	1577	476	606	648	299	614	2463
584	503	434	491	720	905	747	883	930	353
305	311	299	504	1037	561	170	421	452	454
157	299	614	610	715	624	1388	814	1139	504
938	420	618	920	585	936	862	726	772	1811
375	321	572	504	458	976	584	427	556	898
336	504	489	510	1533	554	676	939	798	727
452	718	486	895	1347	603	712	511	518	442
1302	716	641	656	184	668	458	452	673	486
535	322	732	605	1055	763	1050	504	714	1075
722	573	494	320	567	582	590	601	473	590
332	702	816	456	769	698	783	532	1062	880
436	321	328	760	596	609	473	706	746	738
432	371	532	147	589	590	801	590	892	555
817	336	407	446	303	732	843	839	895	889
486	655	752	412	309	506	1032	1104	597	549
502	292	733	336	518	922	680	1025	733	334
508	666	457	299	461	603	692	632	577	710
504	389	508	472	1123	797	671	1590	486	606
312	683	741	620	606	734	126	976	813	1082
481	1198	589	648	692	708	814	486	810	784
328	998	504	849	100	443	568	2372	321	1091
833	187	404	430	718	596	712	771	303	491
280	147	338	709	889	587	603	372	792	606
494	736	446	511	458	572	667	697	762	322
433	389	535	883	706	766	766	820	807	782
184	502	976	758	400	1106	783	632	2036	1373
361	457	361	1705	735	338	795	486	606	402
395	381	610	716	442	429	320	803	895	648
367	504	729	317	1384	1319	454	830	801	486
335	511	358	225	513	1038	601	439	1716	612
504	442	470	554	449	427	456	1085	713	952
381	482	454	698	433	442	1559	489	506	533
572	776	299	545	733	252	1560	972	719	504
299	353	262	1172	336	558	632	590	668	642
298	976	661	668	240	278	812	889	1076	909
541	590	528	454	919	457	532	559	842	1036
462	702	427	606	606	2105	895	913	734	1022
275	409	495	743	504	898	606	1310	802	2225
513	668	430	964	427	642	967	642	418	649
458	349	454	122	209	551	888	564	693	819
322	574	317	717	810	1062	590	465	584	296
335	610	477	691	489	405	590	740	712	454
361	505	403	449	795	652	939	170	466	580
234	454	311	589	632	338	485	756	536	503
441	263	642	498	663	1142	503	1079	933	727
605	606	552	590	898	1090	846	645	866	418
504	605	503	642	683	446	786	690	899	648
373	311	865	511	209	849	795	706	598	564
588	433	486	649	590	504	863	639	760	819
446	409	391	506	622	724	544	303	298	1019
392	730	590	678	503	486	1015	457	1183	685
342	494	449	454	534	561	642	969	1142	739
358	638	1249	254	479	298	772	776	849	580
642	299	495	798	303	497	1416	748	1136	1073
318	454	740	407	321	311	1299	744	807	561
458	776	312	306	574	1010	414	1048	786	578
427	589	809	504	587	1168	618	334	712	957
454	572	239	433	1010	504	321	126	1028	291
