1 NN	2 NN	3 NN	4 NN	5 NN	6 NN	7 NN	8 NN	9 NN	10 NN
3	9	7	30	30	271	194	17	50	377
7	3	4	81	48	33	10	265	215	123
1	37	8	172	37	10	132	266	260	141
180	43	380	279	184	20	18	238	78	16
300	7	5	154	211	77	9	30	13	19
52	6	25	7	677	26	54	141	13	66
1	47	143	27	14	22	43	53	187	11
1	4	44	8	302	238	234	63	135	423
1	72	16	19	649	62	190	25	245	6
17	2	6	350	201	11	346	1300	11	518
1	3	3	26	70	26	140	85	108	566
1	275	9	97	67	172	156	307	8	341
3	11	299	9	115	381	1271	351	125	28
1	8	40	9	38	96	73	426	5	252
55	3	3	233	84	111	11	467	15	143
1	332	6	12	294	7	363	68	208	140
17	15	39	63	7	305	170	78	32	30
79	22	65	80	403	152	111	318	34	83
1	853	10	333	22	176	27	180	163	62
84	107	7	8	442	139	42	267	32	379
1	2	131	18	12	17	48	26	257	306
1	3	119	2	117	67	15	174	26	442
4	98	39	98	173	27	38	207	131	148
90	3	100	129	31	32	124	689	171	88
236	4	441	102	7	5	149	328	98	31
235	25	51	272	6	48	7	346	673	85
24	5	2	7	7	312	739	41	21	16
2	15	124	64	154	23	31	685	166	29
1	2	93	181	25	6	370	507	7	45
1	335	26	59	1	93	26	77	128	139
1	3	4	14	50	13	379	680	73	51
7	138	580	68	223	89	365	6	153	118
3	3	18	8	22	133	299	242	232	108
102	157	401	14	21	107	81	156	542	11
1	3	170	7	249	176	23	16	87	44
37	72	93	60	40	147	430	34	352	69
2	15	127	3	48	139	141	173	28	199
193	10	10	69	521	112	183	179	111	175
1	6	8	158	139	51	6	91	107	813
4	160	3	44	17	18	211	9	43	160
6	10	5	97	103	61	231	64	183	240
5	153	164	865	521	23	452	26	28	18
3	57	11	5	4	58	340	27	108	52
172	8	17	63	8	104	58	10	94	17
160	9	39	48	849	19	150	865	43	18
62	4	113	322	25	194	50	487	110	58
187	53	4	4	23	24	107	55	370	119
4	12	3	266	100	108	45	107	4	62
2	6	3	38	7	83	121	24	395	130
4	7	11	23	143	44	33	144	19	67
5	47	465	5	6	74	119	122	105	168
12	4	2	24	37	162	265	24	106	1851
611	2	3	8	75	6	23	102	4	501
1	194	102	130	31	232	176	99	160	50
1	6	3	108	37	7	321	19	295	194
1	5	285	8	9	191	51	42	96	7
5	8	3	142	762	46	88	13	753	249
52	176	333	288	38	148	261	211	216	320
17	5	21	235	200	22	163	29	82	269
2	1	451	21	264	44	96	91	11	468
214	15	4	10	122	161	7	7	33	378
4	134	3	58	336	45	525	25	139	63
4	2	93	49	52	26	273	18	332	300
71	3	84	156	12	255	84	14	1	50
27	1	8	82	213	618	6	141	39	113
164	3	94	38	16	206	25	35	29	6
25	3	268	17	129	50	312	11	49	74
6	12	33	10	16	31	2	94	468	229
1	89	117	183	8	10	7	122	54	32
2	6	108	25	6	317	98	31	13	128
134	155	44	10	162	63	647	465	289	19
46	65	152	363	469	102	1141	71	116	39
1	722	53	244	71	15	288	56	29	275
4	20	8	95	21	43	186	26	34	75
351	2	11	256	12	179	13	55	110	552
2	76	20	660	16	371	104	11	404	81
2	32	199	300	15	13	15	99	135	140
1063	4	150	118	2	325	244	137	358	325
2	3	92	105	142	98	108	268	59	142
56	11	6	216	90	8	60	69	50	509
16	81	8	27	30	187	393	124	183	23
56	12	84	7	46	92	106	84	176	87
1	320	58	6	17	143	22	726	1473	110
449	393	18	106	103	85	249	434	142	55
108	19	987	29	88	146	165	6	248	6
1	240	6	56	83	33	61	163	52	373
10	189	6	2	108	63	65	487	17	98
1	17	7	262	61	96	109	93	125	978
3	80	89	101	54	45	203	53	15	118
169	3	455	4	156	16	2	773	462	17
100	252	53	96	108	93	91	107	121	36
2	109	113	170	117	10	61	316	130	299
5	20	5	18	237	144	119	108	428	47
6	4	5	93	29	185	1	106	209	303
3	9	7	75	206	36	858	12	215	89
108	1	67	15	610	787	18	220	362	21
6	4	86	4	178	245	347	108	12	337
21	294	161	14	86	16	167	321	110	151
7	5	243	31	247	117	209	89	82	86
3	3	49	5	13	31	332	49	33	147
3	88	77	202	6	10	215	17	116	152
237	2	11	11	181	7	10	109	20	618
1	6	2	114	8	150	273	301	510	7
2	50	12	783	546	7	167	148	199	108
1	182	138	10	128	246	35	7	53	34
2	2	3	10	48	131	15	189	522	722
5	171	12	98	21	34	61	293	799	19
18	6	316	197	13	113	15	24	36	41
1	189	1	373	10	51	290	17	15	24
37	123	20	111	123	44	1195	30	164	31
12	3	6	49	28	134	408	188	135	236
111	72	4	11	28	66	93	25	66	455
2	13	95	382	37	11	233	150	827	20
222	118	256	162	265	20	221	60	355	172
2	31	4	14	38	516	13	364	299	109
3	520	32	366	84	38	386	17	374	228
21	3	15	14	45	265	798	113	464	21
28	6	271	11	10	303	591	104	40	138
1	29	31	14	136	134	134	16	79	138
4	79	11	690	152	7	188	100	137	1068
548	3	155	7	369	10	134	10	228	212
3	79	260	112	119	148	1127	509	406	28
18	3	108	20	275	10	18	252	255	17
1	3	17	233	114	82	42	10	218	718
30	16	136	39	145	417	184	137	24	338
7	4	131	550	119	19	71	118	153	20
2	146	105	215	3	81	493	215	169	26
38	8	3	4	8	70	2	351	205	255
1	8	28	76	105	11	226	139	41	24
342	18	24	391	8	22	186	344	352	95
3	59	107	14	78	314	35	291	530	428
4	26	3	477	149	865	966	161	97	213
5	3	124	70	82	197	233	28	117	130
1	4	345	133	149	91	139	49	75	128
2	5	146	84	6	15	130	11	25	14
271	46	54	25	98	6	80	187	711	236
1	2	104	1	10	5	137	155	34	213
3	12	10	103	245	622	831	1	194	113
1	75	197	188	4	11	131	285	78	1393
1	36	64	65	147	108	45	45	107	30
220	166	69	741	8	77	17	391	76	26
154	2	68	193	362	50	25	569	68	112
30	10	167	6	147	518	84	273	128	1694
40	11	6	187	488	4	454	469	25	24
1	44	7	7	201	28	220	141	235	26
1	19	45	85	9	73	1045	84	736	179
13	11	6	146	454	7	65	417	31	22
2	2	96	15	17	139	229	24	358	252
2	15	91	51	13	216	131	161	166	423
172	78	6	132	5	582	19	36	236	339
3	86	18	7	93	108	9	79	137	39
111	162	120	22	32	19	227	8	149	175
1	6	16	63	159	16	511	19	173	17
4	5	1	215	532	184	167	415	32	963
28	6	139	244	19	156	281	98	67	139
19	3	287	345	127	74	24	185	680	500
7	283	296	5	60	626	149	13	36	20
1	3	62	732	215	219	8	982	195	97
1	51	734	59	132	48	73	72	147	159
3	12	385	58	187	24	285	306	294	108
1	275	4	88	44	78	118	136	85	234
1	29	2	516	114	325	127	89	178	250
110	3	5	29	240	273	168	109	63	381
6	44	3	459	121	43	18	24	412	102
2	8	59	10	19	80	462	88	132	113
6	39	13	10	81	199	7	441	292	92
64	112	4	304	59	14	118	244	197	16
136	11	6	12	1027	35	24	40	42	172
24	6	19	38	144	148	132	135	109	255
6	308	416	40	27	24	484	47	135	153
53	44	20	271	299	95	474	38	81	89
10	60	4	5	7	766	316	38	93	6
39	388	351	229	14	155	189	15	50	28
2	9	4	5	16	35	290	67	382	21
3	13	23	148	8	30	219	1189	113	24
29	291	29	64	144	13	3	32	172	331
3	102	110	5	31	49	704	31	68	128
210	8	6	289	248	123	29	339	126	275
108	37	7	199	5	176	21	117	307	313
98	3	43	278	94	14	1108	35	380	110
14	33	4	7	56	48	56	119	615	101
5	38	55	287	1117	163	6	30	122	155
1	5	34	105	155	38	167	414	82	38
18	63	10	17	170	145	11	6	203	218
4	153	3	10	6	167	84	46	45	129
13	84	357	7	542	485	20	172	634	287
1	2	69	272	180	15	105	651	117	141
1	221	10	3	126	150	389	138	183	90
46	367	362	96	84	366	919	61	150	878
166	5	77	336	181	44	61	119	21	187
5	3	111	4	198	43	23	84	191	90
5	59	3	12	7	241	652	165	166	40
1	7	64	43	19	78	575	24	1624	68
5	7	92	12	103	8	220	60	152	13
10	137	102	327	23	117	67	432	19	92
2	340	468	211	7	76	69	124	287	58
242	6	12	9	8	205	298	17	256	119
3	2	126	70	6	85	9	83	233	10
3	6	2	82	42	141	40	25	146	126
60	281	127	180	648	6	1071	22	145	177
3	313	7	15	39	83	1209	129	44	150
2	151	15	65	996	43	69	57	22	129
40	8	57	91	318	243	63	786	35	233
96	6	36	703	74	176	449	25	27	741
70	49	9	5	7	301	359	495	130	391
2	20	218	18	114	400	42	295	31	136
2	156	13	441	118	54	210	6	9	70
3	1	120	10	86	306	11	173	1115	252
26	9	114	358	33	674	55	413	141	41
664	36	81	166	10	13	539	18	296	128
1	539	4	9	13	15	178	107	44	247
140	14	100	13	33	1745	223	17	23	248
55	83	45	628	174	890	99	267	193	249
59	5	129	18	328	148	21	47	842	672
4	7	14	9	112	87	15	107	169	115
2	5	198	164	44	24	187	28	92	21
340	42	5	34	426	35	103	20	177	37
55	82	70	50	53	56	4	346	43	83
1	72	9	2	15	56	47	470	282	15
2	44	183	220	53	325	10	163	21	1064
14	5	169	3	3	22	193	238	137	18
1	3	12	16	181	70	389	56	41	251
5	100	42	2	376	15	44	14	18	166
5	21	15	17	4	105	419	107	26	17
2	2	5	87	47	353	365	66	261	357
8	56	7	16	68	174	131	98	189	193
1	145	4	182	95	198	234	22	36	10
1	105	8	123	687	193	9	37	21	83
7	3	4	174	77	14	507	7	60	787
3	207	139	51	193	140	179	21	309	27
3	244	188	1	111	16	64	213	823	106
25	5	311	390	3	17	293	51	183	58
53	2	16	21	20	195	111	219	133	14
76	108	10	336	33	206	20	1070	30	1495
168	249	7	5	761	157	18	212	134	216
2	14	61	148	13	112	6	8	31	78
1	2	4	10	27	83	245	316	177	73
16696	7	24	161	27	30	35	25	86	132
114	79	7	16	6	211	80	6	33	735
3	59	6	17	224	134	271	1	463	317
152	156	272	40	384	17	675	12	33	138
1	21	4	445	379	90	132	137	3	328
7	3	92	330	9	2	1108	112	137	290
1	91	336	27	167	5	113	134	132	32
118	95	36	26	125	12	116	48	96	225
1	106	130	794	5	48	102	25	155	108
85	27	161	103	11	172	15	31	108	145
1	65	13	54	210	221	15	120	667	142
236	34	31	180	1655	101	82	189	114	76
10	107	37	68	36	91	285	107	201	17
162	2	420	304	278	83	11	65	208	15
1	87	2	278	93	392	135	70	27	27
1	207	76	79	250	381	20	68	69	61
4	4	115	8	27	1016	189	44	254	327
6	265	6	6	142	494	308	119	122	238
1	105	68	32	499	218	131	25	39	28
145	2	8	91	207	21	455	405	401	949
66	442	7	120	239	10	194	126	259	339
29	121	20	82	10	424	166	119	200	80
3	267	24	139	742	2027	19	101	717	214
60	350	8	28	50	157	1388	31	75	261
1	4	7	241	66	59	18	89	92	156
2	87	199	209	1004	60	76	32	40	234
1	2	117	13	60	26	49	15	146	93
11	246	27	50	230	200	302	113	4	41
3	4	3	17	129	22	23	119	124	28
77	105	144	269	226	17	231	239	50	26
135	111	5	8	30	1	24	76	685	109
31	18	86	120	32	126	237	10	39	229
3	4	7	223	113	52	16	55	176	26
1	13	314	3	526	65	111	44	411	131
38	2	46	25	191	9	1234	426	99	97
4	161	7	551	641	5	182	20	66	8
1	2	14	11	820	21	144	284	11	50
1	29	92	57	4	87	12	352	184	189
3	76	308	767	86	8	165	767	1007	181
107	279	259	16	63	164	25	39	60	96
37	372	92	51	166	69	211	95	8	503
2	232	4	122	105	5	33	322	360	5
57	10	143	185	61	178	192	756	31	150
9	6	780	99	56	24	389	713	853	1979
60	41	3	252	242	16	99	270	200	78
3	2	233	4	10	13	68	308	165	40
165	2	9	803	15	85	215	62	58	171
8	90	120	6	6	563	39	236	19	19
2	12	65	73	45	31	254	62	37	527
158	249	260	185	111	24	18	48	234	145
5	3	561	9	41	38	146	268	25	228
154	71	83	84	262	701	235	3	29	129
33	48	62	24	23	21	53	410	105	125
2	3	7	4	8	171	127	24	110	154
1	85	4	145	13	7	628	511	10	751
39	73	565	24	16	12	522	11	12	610
1	272	2	32	353	108	70	94	252	64
2	10	4	59	14	247	201	175	58	53
103	3	13	143	10	304	202	177	135	31
2	60	5	14	772	6	133	61	53	133
68	11	30	123	250	97	44	77	166	246
63	18	160	6	5	40	110	771	746	82
1	172	6	24	10	8	15	159	8	369
13	101	133	179	9	155	58	182	53	84
1	130	6	14	13	6	636	15	219	381
1	7	266	156	49	59	48	679	351	156
67	24	142	53	27	5	6	317	548	93
2	641	7	30	80	173	259	40	424	814
35	58	124	121	343	27	175	223	158	295
487	3	46	4	6	280	490	67	28	33
1	155	55	8	241	9	15	208	50	12
5	26	4	10	77	337	143	108	96	5
1	58	22	4	58	213	128	340	208	21
2	21	75	11	117	84	63	12	1256	305
79	171	6	7	9	84	30	151	127	493
22	285	23	96	40	98	150	13	584	41
49	2	179	175	173	11	424	5	163	14
2	4	31	32	35	170	254	389	43	213
57	72	10	269	124	213	26	72	393	164
5	15	4	22	212	186	205	108	780	32
29	5	11	263	33	41	80	531	148	535
3	6	122	410	146	15	14	16	65	122
4	3	20	91	345	13	470	21	382	30
9	4	16	251	3	80	27	307	50	1247
5	3	77	125	432	272	62	129	123	89
5	11	15	722	108	103	117	16	217	89
4	7	23	27	12	573	76	41	537	132
1	2	77	25	17	105	150	333	536	37
3	12	6	128	420	66	21	212	16	299
12	8	62	139	33	255	1035	18	228	77
5	17	4	115	9	17	588	160	239	485
1	47	249	19	5	79	689	177	627	540
3	94	22	473	116	147	18	60	59	93
8	107	9	47	15	210	10	16	220	598
1	115	17	50	56	117	117	10	5	145
35	4	34	142	4	395	63	18	15	24
157	74	38	253	19	80	55	188	300	228
167	111	3	684	6	34	124	538	19	360
1	85	25	7	263	163	106	19	124	138
2	73	9	69	134	124	166	5	48	45
3	5	11	1	358	49	88	1232	13	46
21	2	863	39	9	53	68	32	16	948
736	7	514	53	76	16	523	28	270	111
1	17	2	39	13	35	20	245	52	836
2	89	19	304	33	2811	101	18	45	184
1	2	434	4	19	5	97	357	393	11
44	3	22	18	5	63	319	46	204	45
110	122	22	14	580	80	19	112	393	190
6	409	35	7	118	77	9	451	16	300
1	10	23	1	128	39	470	13	108	90
8	22	3	455	19	34	106	102	143	240
1	91	94	2	54	14	159	606	279	24
3	183	50	22	385	49	55	106	550	150
3	3	118	136	183	113	38	267	81	186
3	79	12	521	35	33	180	1342	70	311
46	245	53	1116	80	13	50	684	62	148
68	28	8	17	204	8	480	39	126	209
170	9	27	6	311	9	16	64	29	432
1	38	31	2	183	15	386	111	116	474
396	2	26	135	29	161	33	18	100	200
1	62	8	8	63	98	262	14	88	41
50	99	476	95	18	1399	25	15	234	209
15	477	7	253	75	252	346	257	66	416
61	79	11	6	545	42	12	484	35	164
101	110	62	40	310	15	27	192	53	93
134	107	597	89	51	120	2	248	75	79
19	43	8	115	246	128	136	345	91	21
1	299	98	276	100	77	390	260	16	64
2	772	12	3	149	276	61	116	35	352
56	219	28	10	15	1325	115	158	13	82
49	238	42	21	11	10	30	353	156	260
18	8	4	14	9	70	346	146	182	207
5	42	125	6	129	330	82	155	110	270
79	2	11	110	22	45	102	372	14	46
353	63	313	14	50	65	473	1218	264	268
25	3	198	221	23	7	313	76	116	158
2	2	228	3	78	8	353	638	48	213
2	74	150	18	107	13	152	49	184	29
54	57	177	10	7	21	220	52	206	67
25	119	15	43	95	63	301	236	212	1012
1	103	9	4	2	26	32	217	10	55
2	4	44	79	455	289	192	46	229	109
1043	1	6	48	32	27	6	571	226	125
123	805	2	126	82	57	187	351	114	400
9	4	2	91	146	21	407	446	27	243
54	128	7	16	191	620	108	13	11	34
70	7	1008	6	207	846	5634	10	68	30
196	4	9	8	6	32	610	14	12	6
1	56	93	41	363	258	49	139	777	249
3	53	83	77	62	266	578	445	10	189
1	153	151	72	68	7	106	283	115	111
1	5	143	75	15	301	50	241	155	286
5	73	166	110	3	362	86	1297	50	10
2	3	19	9	37	41	13	43	56	604
107	2	7	26	14	349	544	125	19	30
1	290	20	107	27	10	34	62	634	11
551	28	167	5	157	14119	120	59	92	77
94	2	201	110	38	90	13	159	340	992
9	87	127	10	56	9	93	12	196	360
4	4	193	11	425	94	140	178	90	410
2	240	148	27	100	330	122	25	199	128
20	14	276	228	432	1020	83	112	50	133
2	4	98	189	236	194	16	5	54	92
4	6	187	12	667	227	59	13	31	68
2	5	214	73	10	7	19	806	155	22
1	127	134	96	14	121	464	184	14	265
1	5	168	67	361	10	463	24	583	1417
2	3	3	119	629	80	17	20	92	296
406	81	214	54	5	218	328	76	219	304
378	10	715	10	14	559	16	79	296	6
1	193	121	5	201	76	268	176	10	14
444	140	110	7	15	97	173	236	270	9
1	31	86	265	174	55	320	546	120	69
1	5	11	41	188	156	38	112	55	142
64	109	27	157	8	38	10	15	282	58
1	753	139	236	20	114	45	17	91	441
4	25	5	123	29	86	29	30	42	92
111	2	239	317	210	106	169	19	211	230
327	146	4	89	8	74	120	144	13	118
20	6	3	1089	573	115	3	112	108	306
2	21	5	4	217	30	1104	526	632	241
120	8	172	61	65	7	14	27	304	27
25	8	261	9	50	84	96	160	215	34
144	203	83	82	28	42	294	64	79	283
5	491	354	20	722	220	460	15	227	35
10	59	7	279	6	24	952	37	360	274
51	71	44	110	328	102	100	10	58	159
42	192	508	118	167	15	178	104	116	27
56	4	300	15	11	50	93	112	259	500
61	53	80	228	22	28	94	87	752	51
4	28	4	76	48	61	134	26	771	118
2	74	18	4	15	13	27	375	208	28
1	323	141	72	147	342	630	108	121	189
2	45	7	14	28	81	160	269	276	477
49	61	10	70	7	275	24	216	112	22
7	22	677	8	215	150	258	150	217	152
88	732	225	4	5	16	108	45	159	130
1	2	110	242	7	403	33	92	20	15
1	569	370	65	14	766	1691	18	169	144
1	27	17	155	19	220	47	12	39	323
1	215	12	252	208	310	320	91	454	154
7	6	10	7	269	224	326	8	43	438
2	4	49	273	49	10	741	17	52	66
32	5	14	12	240	384	176	202	387	28
8	3	9	30	5	21	14	28	45	200
6	2	79	204	386	11	264	202	126	33
237	232	2	12	20	58	15	14	25	210
64	5	6	1282	7	103	713	611	902	337
1	3	65	8	590	5	46	48	45	128
16	14	59	41	15	66	20	19	969	755
2	1	70	6	2	217	43	32	72	546
35	26	92	40	172	112	101	189	120	140
131	6	5	20	10	2	25	13	243	1776
2	85	101	204	7	429	192	150	221	20
1	5	105	152	285	60	13	106	89	69
1	7	86	594	8	13	21	149	56	88
29	116	7	164	9	22	11	400	9	201
168	10	100	40	21	36	162	162	282	212
5	171	345	16	13	15	92	200	75	75
94	80	91	103	1060	20	66	668	1409	749
1	100	29	998	965	17	121	1145	18	67
2	98	8	17	6	50	89	71	178	678
2	9	217	8	89	106	15	900	43	90
76	777	353	190	23	49	177	116	248	167
1	7	575	16	22	29	24	20	62	18
5	150	3	137	45	6	69	337	50	75
206	195	344	8	16	578	281	81	30	86
67	21	5	148	22	224	9	74	16	305
117	40	6	27	409	135	157	29	297	471
178	30	137	274	240	4	397	77	104	162
11	16	13	264	6	30	1301	27	125	111
6	296	5	101	14	87	82	15	68	326
1	7	64	8	15	12	13	44	136	15
99	3	176	1240	9	49	6	530	319	17
3	5	8	7	6	506	58	6	145	10
19	41	419	129	70	383	19	186	43	61
81	63	68	297	15	9	97	74	96	17
1	213	269	144	8	5	516	177	49	145
92	140	65	107	32	62	106	514	158	346
31	10	62	779	5	109	17	535	313	60
2	69	5	4	93	277	503	106	228	232
8	3	47	197	788	19	42	250	19	193
6	22	17	21	32	142	109	349	145	174
10	15	17	36	19	139	136	14	10	3
21	5	4	5	6	211	78	37	143	58
1	20	292	5	121	13	10	27	173	120
1	244	8	243	216	104	7	162	229	285
113	271	19	8	497	433	390	24	173	555
6	5	58	18	1	172	30	115	180	116
2	5	512	34	47	24	29	196	176	25
1	91	221	155	62	307	285	140	23	55
13	2	91	13	94	295	136	350	1382	3
2	2	9	2	327	86	236	889	531	659
58	26	59	12	88	7	90	237	14	220
40	137	61	74	176	11	16	93	232	118
2	123	400	8	83	464	225	239	339	354
6	64	117	105	64	165	256	15	36	577
3	146	119	115	84	109	79	14	68	129
52	9	60	190	92	195	1516	300	1	105
1	2	101	78	9	47	83	37	9	13
2	7	2	284	89	75	187	72	295	130
20	51	7	34	76	18	117	154	25	628
238	45	53	360	30	31	85	987	48	210
