1 NN	2 NN	3 NN	4 NN	5 NN	6 NN	7 NN	8 NN	9 NN	10 NN
2	609	496	23	15	273	0	15	228	9
92	85	106	32	210	84	203	28	5	76
166	12	0	0	177	24	5	569	11	367
23	168	72	6	5	32	5	3	0	16
9	9	41	1098	5	78	12	6	0	16
2	3	21	4	504	51	10	7	63	56
1	3	16	77	189	9	2	39	73	13
1	3	6	9	46	0	10	23	0	38
122	18	7	25	59	64	0	13	0	99
47	8	6	36	0	24	375	115	44	0
1	142	18	8	9	87	6	313	120	61
1	44	0	0	17	15	0	61	332	38
1	0	8	29	0	217	233	42	7	7
3	7	447	0	567	0	3	0	126	0
0	1	0	0	5	0	8	9	237	98
9	6	2	0	21	23	6	83	54	68
2	10	0	2	0	242	0	10	355	81
12	7	0	4	0	27	10	733	679	60
93	2	34	59	7	7	0	4	0	20
1	5	4	233	4	40	1	29	0	6
1	27	0	121	178	20	18	5	24	0
18	0	41	0	7	86	0	5	0	10
2	4	0	9	9	185	45	105	229	221
0	2	0	137	0	487	239	14	179	50
26	99	3	875	1	0	26	28	11	23
0	0	209	11	13	0	0	34	11	20
1	373	1	25	0	5	18	26	17	6
6	0	5	3	0	17	27	22	0	293
0	16	0	0	1	16	7	0	38	32
1	6	3	0	0	19	113	0	0	84
1	0	60	0	6	39	142	0	13	6
0	97	10	21	7	671	30	0	17	13
1	744	12	25	352	8	0	89	56	185
0	0	8	7	45	7	58	233	0	8
7	35	0	12	0	294	8	20	238	18
20	0	0	50	2	76	16	71	92	104
1	9	594	36	2	63	0	16	644	28
3	0	0	8	2	0	174	55	20	19
1	0	131	45	46	0	90	28	0	37
1	0	3	0	0	0	0	227	104	90
13	29	23	3	5	7	4	29	284	32
1	60	8	28	0	24	16	139	171	91
0	150	13	207	0	0	0	3	0	12
1	15	6	0	233	0	500	13	14	55
0	5	602	21	3	18	13	83	34	555
30	29	0	0	66	298	3	12	266	0
1	178	2	256	450	96	0	0	53	16
45	107	0	6	0	66	0	25	0	4
0	240	587	6	99	27	40	0	0	0
72	4	127	147	6	0	146	0	128	1289
0	5	112	4	163	21	0	0	14	356
0	585	0	11	79	0	8	8	0	11
276	5	0	0	0	809	105	0	0	12
3	0	0	228	10	5	0	121	28	553
1	3	66	127	2	0	266	0	377	502
1	0	0	0	39	348	0	0	91	352
0	38	0	91	16	15	16	12	161	21
6	16	0	0	7	55	268	50	87	22
1	377	7	725	13	74	14	585	262	123
0	114	47	7	0	492	13	0	0	17
99	3	6	28	0	0	187	0	0	20
2	0	0	0	0	42	0	5	41	27
0	27	67	5	0	102	0	0	221	0
2	6	85	1	35	70	0	469	7	8
4	4	9	93	0	30	0	0	0	162
0	28	10	8	16	377	418	43	51	851
1	15	28	145	0	0	11	4	18	69
21	6	26	0	4	314	211	10	99	343
0	0	3	2	8	276	13	15	9	87
54	3	17	9	56	0	85	16	922	6
10	10	1	46	0	0	11	0	0	123
2	2	2	2	256	239	12	184	0	0
0	4	0	11	8	0	34	6	0	0
29	0	263	9	467	98	26	74	72	16
1	166	10	57	0	7	133	25	34	613
1	2	6	0	8	0	10	0	940	0
1	0	357	41	5	19	10	0	0	1144
0	15	0	14	0	0	84	234	10	29
0	204	1	7	231	0	87	17	12	11
2	4	5	0	210	12	30	0	0	66
2	15	0	59	299	168	673	0	0	0
4	0	32	133	40	128	11	0	290	172
3	2	135	143	142	7	16	0	0	0
73	7	334	99	154	2	12	0	84	441
54	41	2	4	0	0	0	58	23	235
6	13	0	9	11	28	13	30	0	0
1	422	6	117	22	15	208	197	0	34
10	2	1	37	203	5	18	141	89	0
1	6	39	76	0	36	171	31	165	1226
12	0	101	0	18	11	0	0	424	33
0	2	6	0	142	12	2	215	9	0
0	0	32	13	8	6	0	105	16	9
7	0	0	5	0	0	95	0	14	11
24	80	133	25	1406	9	38	9	227	0
0	0	0	0	11	7	11	19	18	1
2	133	5	209	3	204	205	35	0	0
1	18	109	20	134	0	7	21	56	63
2	5	0	8	5	216	25	0	0	0
1	2	4	15	0	29	0	0	0	270
1	2	6	0	115	370	80	0	13	74
23	25	0	11	15	285	101	24	0	99
32	34	201	15	0	14	8	137	1012	0
1	0	191	9	8	9	142	0	34	13
2	2	6	14	0	120	0	35	0	6
2	0	4	11	7	62	359	0	2	1306
24	0	5	0	174	0	21	41	72	19
2	138	0	4	18	127	12	22	0	266
1	18	63	144	429	6	56	16	197	61
1	2	2	55	18	36	10	4	161	33
0	14	0	18	339	0	24	68	15	1592
1	0	1	80	546	10	263	20	648	0
25	25	0	7	6	0	0	149	0	0
1	2	23	65	2	54	11	73	0	103
8	3	1	30	84	533	10	12	252	477
0	13	152	0	4	12	0	79	270	0
6	11	11	7	2	17	111	28	0	14
1	14	9	0	6	124	0	18	26	1643
1	65	3	50	153	97	98	0	9	9
1	20	11	194	65	28	0	187	0	162
2	2	9	88	30	239	17	0	0	102
1	1	2	68	9	67	100	0	50	0
2	6	8	16	0	28	26	113	26	238
169	49	7	0	259	13	10	187	70	127
5	2	0	0	9	0	73	10	198	63
65	107	0	3	367	0	0	233	81	0
7	3	5	7	10	93	85	14	0	409
403	21	0	11	403	0	211	90	17	797
0	4	828	4	355	25	5	13	7	77
2	17	0	7	10	620	360	121	92	390
0	8	486	0	29	28	74	68	0	0
1	0	0	19	0	0	184	17	0	775
5	4	46	0	0	244	0	16	528	161
0	97	10	80	30	5	15	173	57	12
2	0	2	0	0	0	6	0	58	0
19	2	14	0	3	23	23	0	45	0
3	97	378	6	7	44	152	34	312	215
1	2	10	0	177	6	18	8	0	278
9	0	5	11	539	10	151	183	83	24
1	2	202	14	0	14	0	64	15	109
1	3	0	0	85	119	680	43	22	0
0	36	151	0	8	713	0	6	93	340
46	12	22	182	6	6	89	27	0	154
1	155	0	4	2	10	13	47	242	197
3	3	155	0	25	0	0	53	109	17
17	0	0	3	0	0	7	0	69	0
1	5	0	97	2	129	6	62	291	106
0	58	3	190	0	0	62	0	381	11
14	3	5	0	0	7	168	0	158	144
0	9	3	0	0	162	0	138	0	369
1	6	0	36	47	37	12	383	43	11
0	3	0	0	0	5	11	0	0	105
1	131	499	65	5	0	0	100	111	374
0	2	124	0	0	59	4	0	76	47
1	3	7	0	0	18	4	2993	361	76
46	8	0	0	54	589	648	1058	65	328
96	0	0	61	0	69	0	10	35	16
1	241	6	180	0	30	0	0	0	22
18	3	73	34	210	279	111	0	362	12
5	0	3	18	6	334	8	27	144	0
0	3	0	0	16	0	39	12	10	32
1	0	47	11	8	0	78	0	19	29
1	16	4	0	0	181	290	145	0	343
2	3	7	30	1	15	0	1043	5	39
32	5	5	16	30	94	0	106	15	0
64	18	5	4	11	11	28	31	15	0
0	3	2	1	1	121	9	7	0	25
1	2	0	0	0	0	13	330	3	142
0	182	366	25	76	6	0	47	25	3835
0	2	4	60	4	10	5	0	0	18
0	34	6	0	10	7	0	29	1024	295
2	2	2	6	6	115	45	42	13	161
3	0	7	0	5	5	13	208	43	4
0	0	9	0	4	102	14	436	2	527
1	10	14	282	22	20	0	1331	237	926
1	4	25	0	5	4	0	64	24	33
1	0	7	0	457	65	0	279	110	331
5	6	0	354	36	37	599	51	21	0
73	3	7	12	11	0	18	0	25	0
24	30	5	0	9	0	2	34	48	9
7	3	5	37	14	9	5	0	17	0
0	196	9	7	16	591	0	302	10	0
1	111	4	0	932	392	219	18	0	310
1	0	54	154	13	0	203	43	0	0
31	2	0	1	6	25	485	944	295	42
0	3	6	1	159	5	5	505	0	440
2	8	2	12	43	20	159	0	72	221
157	0	7	143	13	0	22	7	52	0
0	50	10	226	6	9	19	8	0	47
2	78	237	0	7	54	4	12	112	20
24	44	120	13	219	2	10264	25	20	25
2	126	41	49	0	64	0	0	59	134
53	0	10	6	34	15	32	113	1098	25
3	3	22	0	4	15	0	116	0	105
2	5	1	3	9	238	43	53	14	112
1	4	4	92	37	55	14	384	55	58
138	0	246	38	0	8	7	164	14	0
1	2	0	640	5	79	0	4	321	5
25	2	0	935	95	216	64	112	0	12
1	3	5	0	77	0	0	8	0	6
0	0	3	69	48	29	192	46	8	21
4	5	257	5	5	14	14	66	83	9
2	3	2	34	15	337	787	19	13	0
58	642	0	58	7	28	10	4	699	16
1	4	0	33	2	122	12	61	14	474
29	8	0	2	0	10	4	0	0	373
0	0	13	27	0	0	137	29	25	7
1	8	61	0	22	0	10	149	149	0
0	11	0	29	0	0	343	8	32	26
125	3	3	2	6	110	33	266	2	13
2	0	38	1	108	0	3	0	20	34
65	0	7	131	256	0	11	0	1324	211
1	42	3	13	155	121	13	0	101	0
0	3	23	6	71	62	81	1544	170	821
1	11	281	13	0	0	8	0	15	144
0	1	3	0	9	8	3	0	15	285
13	0	15	4	780	77	0	24	19	8
0	3	665	0	25	128	0	0	1115	20
4	4	14	0	126	0	21	2	242	65
1	0	2	0	55	28	17	60	0	177
1	0	7	332	68	323	90	16	624	0
2	2	2	16	0	3	76	11	154	26
1	0	46	5	802	1035	380	11	0	155
4	314	8	26	118	10	0	831	14	13
100	7	26	211	0	55	0	26	64	18
0	5	31	6	14	11	0	297	10	52
374	6	7	0	34	5	16	8	5	25
3	1	0	83	0	22	0	360	10	0
44	15	0	29	6	3	52	73	45	22
0	0	38	5	4	0	347	16	320	31
4	0	2	9	9	9	220	321	16	0
190	0	0	131	272	300	0	32	6	91
3	3	0	0	325	116	1513	0	837	87
0	0	34	2	301	15	60	11	15	109
1	5	34	23	60	116	0	0	20	0
0	157	20	16	157	9	130	26	16	17
0	176	2	3	35	0	440	213	411	60
0	1	0	6	91	0	9	3	0	37
2	0	0	6	6	8	38	14	72	208
1	0	1	4	62	179	239	16	11	7
1	58	0	69	5	19	0	0	42	22
1	2	0	14	617	10	0	11	0	12
2	14	5	0	6	4	0	167	518	10
1	83	0	19	40	73	0	426	79	17
3	111	14	52	0	0	144	21	18	0
1	3	4	0	89	0	0	572	107	0
2	9	14	44	57	18	89	4	45	1
1	4	0	0	3	0	1246	24	13	0
0	107	69	147	0	0	19	0	69	0
4	0	7	26	6	105	12	40	0	5
0	1	20	0	19	7	179	111	23	0
69	0	10	66	5	128	36	117	12	9
2	136	0	90	119	108	94	863	184	0
5	3	7	1	19	48	145	8	0	209
1	3	25	4	294	8	122	328	0	0
0	457	0	9	107	20	746	36	43	26
1	0	76	1	34	3	9	58	14	0
9	0	0	0	0	9	9	64	215	21
1	0	16	6	204	9	7	12	95	41
1	3	20	8	298	70	158	0	13	8
27	16	4	0	0	0	0	6	114	0
4	6	26	56	10	17	7	0	266	118
0	27	33	126	35	80	11	8	91	19
0	2	106	10	0	6	232	0	244	0
0	11	2	7	20	5	0	5	30	0
0	13	76	7	597	5	281	27	13	71
1	0	0	102	158	19	0	0	12	144
3	12	0	0	899	2	0	54	434	3
1	2	28	0	17	16	24	19	0	18
1	8	0	2	55	0	20	0	102	14
1	3	4	7	7	165	50	795	0	25
71	1	14	640	335	1258	7	8	4	132
0	38	12	25	2	816	22	619	13	24
1	0	0	3	8	199	0	15	0	19
1	10	17	11	40	9	34	571	0	488
1	5	3	886	197	0	26	279	743	124
1	8	59	0	12	1664	209	329	0	216
197	11	31	71	4	61	304	32	15	0
6	0	13	26	35	0	0	159	17	0
82	2	3	6	78	0	748	257	10	0
1	0	25	106	10	14	4	6	0	6
0	4	7	190	422	9	436	6	36	0
13	31	244	0	11	29	0	54	9	160
1	106	0	116	5	189	528	168	0	50
43	0	278	845	4	371	0	0	0	198
139	0	4	0	772	129	120	7	265	8
2	26	3	10	0	13	340	5	17	147
27	4	150	0	0	291	18	5	13	107
16	0	116	42	4	26	64	9	228	271
0	5	70	0	0	178	29	131	254	9
2	6	11	0	181	646	200	17	305	0
1	3	7	28	8	71	0	83	47	18
1	6	83	4	5	15	17	0	625	221
0	0	8	24	2	0	9	0	526	253
0	9	11	100	6	40	14	10	132	0
0	1	0	6	0	4	0	568	149	4
1	2	55	199	20	375	9	15	11	294
1	0	5	8	96	180	90	20	15	2
1	25	119	0	0	96	25	27	7	1394
16	27	3	39	39	0	6	0	5	8
2	119	15	99	82	0	143	0	12	0
1	2	37	53	66	57	10	248	27	77
1	4	9	23	36	6	0	31	10	1
0	5	4	50	22	227	85	0	145	24
2	2	134	14	15	72	0	0	7	21
0	0	6	612	252	0	138	53	11	0
0	90	26	18	0	92	163	47	9	226
0	3	349	6	10	16	4	76	95	0
0	8	5	1295	190	7	10	234	358	133
0	3	57	363	8	32	23	0	355	0
1	15	160	9	490	0	0	16	172	215
1	2	84	12	13	0	363	10260	28	13
0	0	0	6	0	74	60	183	617	14
1	0	6	0	0	227	0	1266	69	29
145	3	7	2	140	10	146	10	310	25
1	62	6	20	0	30	204	33	169	0
1	44	21	2	44	329	287	40	20	0
1	6	17	5	0	0	7	1	13	8
39	0	0	4	0	24	98	0	0	0
0	0	18	18	126	254	0	35	0	29
1	0	0	0	11	9	15	454	0	15
2	0	79	18	0	10	0	0	8	0
2	157	10	102	24	51	10	6	17	0
0	1	583	0	0	226	445	31	48	600
13	3	3	6	0	95	0	0	684	12
1	7	1	8	69	3	75	65	8	13
1	34	178	21	0	21	10658	769	11	0
1	16	1	7	0	20	87	22	0	6
0	5	0	2	10	601	36	6	0	293
5	2	11	192	0	6	0	13	67	0
1	0	48	61	0	103	68	0	17	2
52	4	3	6	6	0	11	136	42	0
1	356	0	71	5	77	219	215	12	27
0	77	38	0	0	26	715	947	12	286
1	3	31	638	83	8	77	21	0	9
1	3	4	3	7	86	42	8	279	2
0	2	96	322	225	269	14	122	82	122
1	2	0	0	69	31	4	324	59	648
3	17	0	22	14	7	6	77	0	164
1	3	0	280	107	1797	49	186	14	12
0	2	0	0	0	75	24	258	37	0
2	8	7	0	0	0	26	223	28	66
6	4	4	0	4	0	797	6	12	41
15	14	2	108	23	348	4	0	0	0
1	7	0	5	9	728	15	48	37	0
2	0	649	23	0	7	0	0	0	28
1	2	52	0	0	20	126	97	55	57
5	25	0	91	6	108	21	5	0	12
190	5	9	19	17	85	0	121	53	53
0	0	5	0	9	3	0	60	9	21
0	17	0	0	119	43	0	32	53	243
1	27	51	127	19	97	10	0	0	33
2	0	14	5	16	0	36	12	0	15
24	226	0	15	0	0	17	92	89	503
0	6	518	53	2	0	0	178	4	0
1	18	0	273	1088	61	15	0	0	0
1	17	0	7	9	69	15	11	0	406
2	36	313	26	0	10	367	73	10	9
0	2	1280	31	0	17	31	12	22	5
3	0	0	107	17	7	0	13	75	43
2	0	28	12	615	293	0	35	99	0
1	0	3	2	115	325	0	4	211	0
56	2	60	0	4	0	28	0	18	64
1	12	3	6	0	235	58	13	9	0
0	0	5	7	12	11	15	23	0	252
217	0	0	0	9	23	0	0	84	183
3	2	7	1	0	12	20	467	40	28
27	10	6	0	0	0	122	358	244	16
1	4	5	0	38	5	432	26	0	55
7	55	0	179	0	0	2830	100	25	42
1	46	2	5	316	122	154	0	12	145
0	11	0	494	9	3	15	35	0	20
2	8	2	0	217	25	6	0	84	86
32	0	3	0	333	10	22	38	0	1288
2	12	18	5	0	198	122	12	0	21
1	0	0	0	178	500	0	56	8	0
0	3	26	15	0	12	17	143	21	707
2	7	2	19	0	27	8	93	25	0
2	4	46	2	0	1420	9	172	0	52
2	0	0	458	19	96	24	28	163	60
15	1	111	7	0	7	96	5	15	97
1	3	15	35	0	7	381	21	116	0
2	135	0	764	0	2614	0	78	16	25
1	321	5	0	4	23	2	122	8	517
1	1	0	596	5	26	32	129	0	10
0	4	149	7	1027	37	296	267	73	3883
1	2	5	492	0	17	4	13	292	5
0	6	7	0	49	895	29	0	19	0
4	2	3	53	353	33	0	537	214	0
1	0	330	42	12	0	74	165	0	23
585	1	334	0	45	24	154	18	32	18
4	0	0	161	6	0	0	0	756	90
1	0	169	18	4	8	7	59	55	0
2	0	11	16	10	5	15	36	5	44
0	4	2	4	15	0	0	0	16	175
21	16	8	5	6	9	12	18	0	57
1	1	7	94	16	91	46	7	0	0
34	2	0	0	0	8	268	60	14	0
1	6	2	198	5	6	96	66	0	1061
0	2	32	0	9	0	27	0	0	1023
3	2	290	0	0	0	0	105	12	196
6	53	126	8	0	0	671	19	50	15
54	16	2	33	14	59	0	0	59	18
1	2	165	6	76	0	216	11	0	46
1	198	41	81	0	201	9	11	95	523
6	102	469	4	38	67	6	84	0	463
3	0	3	9	6	0	37	48	5	8
4	3	600	4	843	1	0	0	55	183
1	0	19	150	467	0	3	132	10	64
0	1	0	385	85	617	0	0	288	95
1	0	0	142	272	7	24	14	0	0
4	0	42	8	0	0	0	0	25	0
145	0	242	25	20	17	0	395	0	478
0	2	8	0	28	18	196	89	87	15
4	61	32	4	151	0	8	42	55	6
6	0	21	10	167	60	8	11	83	784
0	0	0	33	309	6	23	15	66	0
1	2	5	14	0	0	326	5	111	118
26	3	6	77	69	0	9020	0	126	36
142	385	0	0	7	23	117	91	0	41
15	3	121	0	8	118	0	191	22	0
2	4	10	6	9	34	11	77	959	0
26	22	0	52	0	180	4	10	20	0
1	0	794	196	14	0	0	0	0	0
13	8	80	0	0	0	0	147	21	275
0	4	19	5	43	121	420	0	171	0
2	58	13	41	4	24	5	0	124	17
0	7	45	57	0	206	36	70	98	1
1	2	35	15	9	10	0	292	12	12
4	3	0	0	10	7	0	15	552	0
0	23	19	10	0	169	409	0	15	3
1	1	10	8	7	9	14	82	0	8
709	0	3	13	7	217	10	0	44	7
27	21	48	0	145	1988	0	0	0	3
1	2	15	515	11	0	15	0	0	147
27	12	0	168	235	8	242	375	42	323
3	40	0	2	73	123	96	76	45	19
4	9	168	192	0	23	7	4	34	131
1	3	0	19	0	0	6	459	4	327
320	0	10	2	1443	4	14	7	11	19
2	95	106	4	40	208	267	258	261	0
0	15	4	0	70	13	0	53	8	0
1	43	34	197	8	12	273	40	0	18
8	76	17	174	79	149	287	18	40	14
0	2	0	55	8	80	18	11	0	0
19	5	700	83	112	107	4	18	669	115
3	4	5	38	8	7	0	0	1778	69
61	4	16	440	8	51	64	20	89	309
3	5	6	235	9	0	17	0	6	0
2	99	6	641	1	228	7	195	0	58
0	38	0	13	8	56	313	0	501	183
0	26	0	14	0	56	6	17	0	111
2	1	12	0	0	13	178	0	0	17
5	0	263	0	26	77	13	338	0	64
0	8	229	0	8	25	76	29	41	29
2	80	46	0	139	5	0	0	26	0
0	23	44	7	21	122	0	288	254	44
1	58	58	297	9	79	12	10	9	336
0	0	0	37	0	19	0	0	578	17
48	9	8	8	95	0	327	0	4	11
0	4	17	13	14	18	0	0	14	14
10	327	8	0	0	319	0	12	0	17
1	0	25	6	12	49	12	4	0	124
12	5	0	11	0	20	20	10	219	43
0	4	13	46	16	32	279	126	17	60
0	0	117	0	0	121	17	26	17	0
1	10	113	0	5	48	0	0	0	33
1	178	7	0	98	0	203	1	332	0
133	2	9	89	435	0	0	932	41	168
0	0	2	19	6	16	42	0	15	41
0	0	6	68	13	46	0	15	0	20
10	2	0	9	8	7	73	20	31	41
1	0	23	116	0	8	231	28	37	4
1	11	3	0	153	11	0	112	45	7
17	18	0	0	8	0	9	3	0	67
0	18	0	0	8	73	43	391	410	35
6	1	56	0	536	0	0	161	143	0
318	0	0	39	82	0	7	53	25	158
0	0	140	5	17	0	24	0	0	89
2	4	3	143	9	235	0	216	0	184
32	2	0	0	101	23	13	5	10	61
1	274	5	0	9	12	117	0	176	0
1	2	294	41	130	5	0	0	96	203
231	4	7	4	5	164	20	17	0	819
13	0	28	0	0	0	111	0	56	42
1	0	8	4	1	646	0	10	30	0
8	0	0	18	94	25	632	16	0	0
1	24	59	0	13	14	0	1165	19	0
1	4	80	13	11	39	284	131	16	0
1	73	24	0	44	3	238	1035	534	8
1	0	2	70	8	12	131	49	691	210
1	2	0	8	52	0	12	0	450	0
1	0	116	118	5	34	52	30	12	25
2	4	23	0	0	14	383	37	14	630
2	10	0	0	0	143	0	12	0	0
1	0	23	4	7	26	9	9	15	50
1	0	179	11	562	35	7	7	320	12
0	1	39	5	13	0	0	11	12	0
0	149	8	6	0	25	69	8	12	0
0	2	4	136	63	0	11	0	0	0
0	0	46	8	0	79	10	25	27	845
