1 NN	2 NN	3 NN	4 NN	5 NN	6 NN	7 NN	8 NN	9 NN	10 NN
1	99	0	13	0	0	161	127	53	85
3	2	16	242	7	90	638	8	495	286
0	35	0	0	10	97	0	0	13	11
1	127	0	6	46	40	0	11	9	12
10	4	22	40	0	13	195	0	234	9
3	37	36	318	1057	11	0	4	0	18
4	0	3	184	0	7	117	1	19	184
2	7	5	56	0	122	0	0	0	9
46	1	10	110	9	23	77	0	54	6
1	0	4	15	10	0	32	108	177	764
0	4	0	7	0	0	1	38	4	0
4	94	220	0	20	126	5	43	10	0
157	2	6	1	0	15	3	139	253	28
0	51	1	0	39	0	27	0	18	23
0	0	4	12	72	12	5	0	96	21
7	1	8	5	38	0	0	57	0	14
0	5	0	13	52	41	0	47	15	22
1	4	5	7	7	127	2	67	0	98
0	22	17	0	10	12	1212	285	187	1
3	0	35	0	3	3	40	11	59	1357
0	2	1	43	0	133	16	20	338	11
0	0	6	377	13	0	10	8	21	30
10	1	55	22	12	41	0	46	10	14
3	18	3	3	28	0	0	16	484	475
0	2	30	0	0	23	600	37	0	72
3	1	125	0	6	0	39	0	25	104
2	8	10	307	8	0	6	31	86	3
2	0	0	0	0	0	28	0	78	16
1	4	204	210	0	6	13	77	11	11
0	4	178	0	10	19	96	12	44	96
0	3	4	106	1112	0	11	31	0	7
19	2	411	159	613	21	92	46	2692	3
3	0	8	43	95	12	18	0	140	0
5	45	6	25	17	46	0	19	73	223
26	5	90	146	11	0	13	14	30	17
27	2	10	5	6	149	0	435	9	12
37	17	36	64	14	6	4	18	26	355
4	31	0	0	8	7	8	229	14	1044
3	10	0	155	6	0	37	31	42	0
6	501	3	0	0	1925	24	58	111	0
0	0	0	0	128	132	180	59	0	23
8	2	6	4	0	25	176	17	46	0
1	0	1	343	217	105	7	38	0	12
30	4	4	19	1	196	24	0	18	565
7	19	4	193	491	121	0	0	0	24
8	0	74	4	19	10	0	504	49	80
212	1	0	0	76	0	25	12	23	28
1	0	8	0	97	39	82	6	0	138
99	2	9	82	0	25	0	158	335	144
2	2	7	7	2	44	12	57	407	0
4	9	527	17	7	75	484	33	39	518
1	0	3	0	12	17	0	950	12	3
1	0	262	0	10	0	0	9	0	60
1	10	6	0	8	792	147	0	53	261
1	10	0	5	4	384	0	62	0	3
1	10	2	5	6	0	16	0	7	90
1	17	4	20	107	146	80	0	100	0
1	5	141	4	20	0	0	25	12	691
0	0	0	2	0	0	0	0	20	42
0	2	71	0	0	281	30	53	4	303
0	7	0	3	0	50	0	0	0	371
0	0	4	23	10	13	20	0	0	9
1	5	80	653	11	40	14	7	0	23
1	3	76	222	108	91	14	17	0	70
68	0	7	87	29	5	0	0	0	18
0	3	138	31	31	10	0	329	16	4
10	0	0	7	13	11	7	34	1212	42
18	75	36	4	10	7	7	60	58	56
1	2	55	0	11	0	277	40	25	118
19	5	3	51	65	8	10	7	548	27
1	12	0	5	53	37	126	0	0	7
0	40	119	3	322	435	0	0	58	0
1	17	2	12	24	0	4	13	0	0
125	2	0	407	37	169	0	375	60	16
1	0	0	6	8	315	196	136	0	0
0	3	6	8	85	11	49	168	6	20
0	1	276	7	13	8	6	64	81	60
0	6	6	111	159	0	15	528	9	17
5	7	21	0	4	3	0	215	151	17
2	0	0	378	170	12	366	6	0	11
2	2	7	3	0	4	18	0	16	980
60	26	288	228	0	9	0	25	0	89
4	2	0	2	0	612	0	22	85	169
1	1	0	8	0	65	0	66	22	74
0	0	103	0	4	121	32	0	166	0
123	57	58	195	0	23	38	18	33	0
0	47	408	6	10	64	12	26	24	0
145	0	66	40	0	33	44	84	18	801
0	0	1	64	0	38	44	51	25	22
19	2	4	137	25	55	16	64	20	0
2	399	1	0	87	4	0	73	6	8
0	0	2	7	0	17	444	0	16	19
0	11	28	0	3	529	21	166	15	19
4	120	0	133	0	149	0	21	11	88
2	18	0	66	38	169	19	118	30	17
0	63	3	0	0	0	315	0	19	273
2	0	3	5	50	4	0	18	11	14
0	71	0	37	16	309	34	2	42	14
91	0	0	63	552	70	91	364	5	9
3	51	105	2	0	10	18	0	242	1
128	4	9	0	0	8	360	0	50	30
1	7	6	5	12	315	19	32	225	150
0	4	3	0	11	120	27	0	15	21
0	45	239	250	0	129	228	21	111	17
255	1	5	0	150	10	0	0	0	130
36	3	30	10	145	6	15	0	81	25
0	6	0	49	9	28	157	16	17	320
0	0	2	35	471	0	18	123	27	0
2	2	16	6	22	0	139	42	24	0
6	55	0	36	5	0	30	0	5	117
7	0	68	8	0	0	0	0	33	0
1	36	24	2	15	40	132	1420	0	24
4	34	28	234	0	25	0	13	19	59
0	3	3	5	0	39	48	0	104	708
0	1	5	394	26	223	160	0	59	0
2	1	5	14	29	21	56	26	290	0
2	222	16	19	2	167	0	0	0	10
1	0	0	1	8	18	104	13	55	204
1	0	0	29	253	269	11	261	123	21
1	394	3	112	390	835	3	83	78	0
1	0	6	505	90	60	54	150	29	0
10	1	0	6	64	274	22	491	0	0
2	2	34	42	45	6	17	75	834	21
14	0	279	5	119	7	0	55	10	589
1	0	0	7	28	12	9	0	260	0
33	21	254	19	4	69	10	26	0	24
3	7	0	0	119	0	783	51	98	0
1	0	44	0	179	55	5	0	12	83
1	43	19	4	111	22	36	0	219	34
1	14	53	2291	7	25	374	3	384	129
2	5	76	77	23	0	23	35	0	8
1	35	0	56	16	8	58	0	12	67
1	203	3	60	0	144	75	0	14	0
15	474	217	109	279	0	82	13	0	0
3	0	17	0	6	7	6	545	593	7
1	19	2	356	7	57	235	14	340	58
5	0	316	8	5	0	4	7	353	447
4	1	21	94	0	9	14	5	26	411
1	75	333	4	4	0	9	9	0	6
12	2	3	10	11	0	252	0	0	143
0	2	0	19	15	0	19	455	102	57
2	0	8	0	20	34	6	296	20	0
0	7	82	147	16	24	0	90	60	0
1	42	0	27	12	97	13	90	8	11
0	89	364	57	207	0	30	649	18	0
0	121	0	46	249	0	38	10	15	21
5	9	2	5	16	10	0	0	0	34
1	248	136	0	10	5	37	14	757	161
41	1	133	71	200	64	130	48	27	579
7	0	60	28	18	18	8	41	0	10
1	23	36	28	14	0	15	42	0	7
1	11	6	24	14	0	113	0	79	0
0	3	8	4	54	22	5	0	351	43
0	88	0	0	0	0	266	0	2	54
12	2	12	0	7	87	4	42	12	301
1	0	58	6	0	0	12	0	0	48
3	5	4	3	0	87	69	7	0	0
0	1	15	70	23	1233	0	112	30	0
9	0	0	4	214	159	248	330	7	425
1	10	10	1	66	15	0	9	0	171
1	67	17	3	0	16	0	51	14	119
1	0	3	0	40	0	16	11	36	6
1	2	7	12	63	17	0	7	15	58
1	225	0	11	0	0	7	297	435	0
2	229	37	0	23	0	8	0	25	0
1	156	9	4	10	0	10	362	6	10
3	19	11	0	10	14	0	103	1012	141
1	16	38	0	5	92	80	26	6	53
0	14	16	174	5	207	29	90	388	21
1	6	12	2	13	63	20	22	53	15
2	3	0	97	0	18	0	182	11	16
29	45	8	159	14	175	0	21	25	282
0	5	1	6	9	0	771	0	57	29
1	10	0	0	5	10	130	16	237	91
47	12	4	0	430	0	1	18	21	0
77	0	30	0	3	0	0	0	18	6
2	0	5	145	591	5	240	0	67	24
1	1	8	7	72	0	19	38	10	0
47	0	0	39	25	22	22	10	579	856
1	0	2	15	119	1	9	7	28	34
5	44	17	0	24	0	88	36	18	0
4	0	23	15	0	15	58	648	0	39
3	0	4	202	182	4	0	248	58	329
143	54	6	10	252	50	265	30	13	22
0	2	0	0	77	57	2	0	443	40
44	3	0	0	0	0	10	27	9	283
0	2	27	47	0	10	119	0	13	0
1	0	3	8	13	121	4	59	0	28
1	54	92	7	12	162	18	233	8	57
257	4	158	0	0	6	31	142	9	0
3	2	127	31	19	8	8	60	39	39
1	2	35	89	4	237	619	0	40	758
1	1	107	346	3	12	61	92	6	0
1	4	0	0	10	63	0	350	21	536
9	2	0	8	9	0	0	8	25	207
0	3	7	79	26	54	239	4	104	252
117	3	100	88	11	0	47	288	0	9
3	2	5	9	40	0	8	43	107	47
1	6	0	50	7	67	0	106	0	0
14	251	7	263	2	7	16	0	140	63
0	3	4	16	0	8	0	49	14	214
1	58	215	14	57	10	0	24	191	17
1	21	0	9	6	33	46	0	12	80
1	17	7	20	22	23	1	13	833	16
1	41	0	72	5	1	8	10	12	0
3	84	1	0	0	13	0	419	213	37
0	0	52	31	43	29	5	0	364	230
0	1	20	72	309	0	15	16	579	5
1	3	0	3	10	0	13	74	15	50
4	0	12	126	30	701	0	422	240	0
0	7	75	7	1491	0	0	0	18	17
0	0	0	0	25	63	0	5	0	16
0	6	138	1	16	39	2462	48	0	23
173	6	5	346	26	27	8	10	481	17
10	3	115	145	0	33	3	0	13	9
1	2	1124	0	28	555	0	0	11	0
1	0	47	0	0	71	0	0	0	206
2	113	26	0	71	6	9	10	9	588
1	15	60	0	65	0	43	0	293	21
1	0	6	5	60	20	156	10	9	0
0	0	9	6	10	27	12	0	13	0
1	0	0	8	68	37	27	14	0	113
19	0	1	0	428	587	287	7	7	634
0	39	12	13	14	0	9	12	13	0
2	2	0	66	9	253	13	0	14	93
36	0	6	0	90	10	0	81	90	140
0	0	298	3	89	0	243	26	0	25
5	427	29	4	14	9	19	4	177	9
45	81	0	8	4	671	0	172	370	90
0	2	229	0	0	547	0	211	3	33
2	0	466	25	0	34	10	0	71	0
57	2	11	1252	17	4	11	6	193	0
1096	2	116	2	22	0	7	15	0	0
2	40	4	188	28	68	291	0	9	101
1	3	71	16	20	7	1	134	290	0
0	0	106	0	9	6	172	0	12	16
0	0	5	204	290	37	39	0	18	0
2	125	4	73	12	0	396	104	35	6
1	7	3	93	3	0	249	4	125	116
166	0	8	0	95	0	3	9	22	0
5	0	11	12	5	118	74	10	131	0
1	3	13	0	0	0	46	106	8	1359
12	9	5	59	1	7	6	595	0	6
95	1	0	6	0	11	21	42	96	201
5	450	3	0	11	89	9	0	351	761
2	4	8	291	5	6	10	0	21	211
96	0	0	36	0	343	10	0	9	100
3	51	459	6	112	0	12	231	19	10
1	21	4	0	30	19	0	59	136	0
0	1	0	22	144	7	233	48	13	0
1	3	384	9	146	38	0	164	17	16
0	7	123	12	8	0	10	7	0	20
31	0	0	62	0	6	58	0	0	91
0	0	7	81	0	129	11	130	3	127
1	2	5	0	12	14	0	132	223	0
5	2	382	0	8	0	52	27	209	0
0	0	0	452	9	8	16	124	0	0
4	2	3	113	0	11	14	0	96	646
0	0	0	0	95	99	8	91	457	128
1	243	315	6	8	17	100	32	13	0
39	2	0	12	0	23	75	157	707	1322
96	2	5	0	112	57	0	0	83	77
4	96	384	112	0	24	0	0	0	0
0	508	8	4	227	0	26	0	0	8
10	3	21	0	0	9	8	11	27	82
21	3	287	5	3	146	7	35	81	0
0	0	0	0	0	11	10	78	590	4
62	13	3	38	45	0	6	0	76	515
13	2	25	11	88	8	141	20	0	16
20	9	8	13	2	0	10	11	0	441
5	7	99	11	37	84	122	156	3	111
2	0	382	20	18	0	13	0	420	0
7	2	10	13	33	0	0	0	0	106
140	8	14	8	0	0	44	233	7	0
0	8	5	4	0	126	3	83	7	0
0	14	16	287	0	141	0	36	13	50
2	0	196	4	81	6	0	18	0	0
66	1	0	23	0	29	0	16	127	49
0	2	3	6	12	0	244	8	70	0
0	225	232	3	0	0	0	69	0	6
1	0	4	0	34	222	310	38	16	0
2	5	155	9	8	15	294	73	73	20
7	0	95	1	39	0	20	28	3	20
8	0	0	7	6	0	17	0	148	4
0	5	15	292	0	3	0	0	0	13
1	16	0	0	0	0	95	3	5	73
2	0	613	88	28	5	0	37	0	3
0	0	0	0	114	56	21	16	48	3
412	4	22	6	6	82	37	46	0	181
2	4	266	123	3	78	36	209	35	5
2	121	139	0	41	2	11	45	55	19
3	2	0	16	0	156	13	239	552	11
1	2	102	91	0	25	31	0	150	225
0	2	96	0	2	164	187	0	60	0
2	0	0	0	5	7	259	57	144	9
0	14	10	8	58	0	19	4	0	19
2	0	0	126	127	102	234	1067	26	0
4	0	3	0	0	17	6	0	626	71
0	3	35	39	127	28	3	0	6	38
54	1	16	37	16	9	1908	27	6	0
0	0	108	2	82	0	4	54	87	281
0	0	5	9	191	0	75	0	10	34
7	5	5	4	80	540	0	425	10	265
4	0	0	4	24	47	11	27	0	32
7	5	0	2	468	0	382	22	0	33
2	4	195	0	57	4	161	9	1180	0
9	0	0	11	0	0	39	0	382	13
856	0	240	0	42	14	18	66	113	0
118	6	59	2	231	16	0	87	0	0
29	4	70	33	15	73	26	220	22	37
3	8	6	13	81	7	0	8	18	86
0	0	4	28	15	128	320	0	74	12
2	0	0	7	316	27	16	91	14	188
267	6	4	177	384	16	16	67	2688	24
0	3	45	3	8	1094	36	0	69	11
351	0	6	33	0	70	805	450	195	137
0	6	22	6	4	0	739	1092	0	30
6	2	271	8	0	0	25	0	0	20
1	0	6	8	73	0	28	303	903	0
1	276	6	0	6	28	0	0	324	26
1	78	14	0	8	288	152	0	237	21
5	0	0	6	0	3	16	169	37	13
2	0	7	5	124	17	58	21	697	0
282	0	96	10	21	7	93	44	0	77
0	2	58	4	52	0	41	239	476	26
0	116	5	470	0	863	3	11	188	19
110	0	0	1	0	0	0	18	21	0
1	2	5	225	35	8	9	0	21	278
138	0	14	10	8	20	103	0	36	0
1	1	7	0	8	9	10	6	134	82
0	9	0	11	11	9	608	261	73	11
45	69	103	5	12	0	528	0	349	98
37	4	63	7	0	17	0	21	4	168
0	0	3	41	14	14	41	35	947	303
148	1	0	4	127	386	48	41	7	310
2	1	0	0	9	144	5	22	78	0
2	3	13	3	10	0	15	11	0	246
0	0	0	80	11	113	278	0	19	24
3	61	3	16	0	25	8	3	738	0
2	0	0	2	0	5	9	44	294	163
0	6	0	38	13	812	0	16	43	61
0	0	0	4	0	212	0	35	114	17
181	15	0	38	0	0	74	14	25	0
1	0	9	48	13	28	10	0	84	10
2	2	3	0	3	2054	0	16	48	131
0	153	0	5	128	210	11	0	0	28
2	4	1	116	783	0	0	25	0	0
1	7	17	0	0	129	5	0	98	84
76	0	0	196	10	0	8	10	115	122
18	0	0	56	457	25	247	189	58	0
0	6	0	74	0	13	6	26	13	44
3	0	11	7	11	0	146	18	1279	0
1	9	262	7	0	8	65	56	25	0
29	61	0	47	35	0	367	210	207	0
1	0	28	2	193	0	5	232	20	4
0	167	198	8	103	7	43	55	370	1251
2	3	245	3	0	10	0	0	4	180
1	68	4	154	34	36	0	8	24	1357
0	4	10	175	0	0	16	133	0	107
1	61	8	4	0	9	0	20	39	111
1	7	0	0	0	0	11	0	26	20
0	45	608	42	2570	0	33	0	0	1244
1	2	0	5	9	0	754	362	0	12
1	2	10	4	26	108	32	0	138	260
1	8	56	10	13	177	388	10	103	142
0	87	78	0	105	66	45	35	83	0
0	1	0	0	37	9	411	56	0	12
1	9	8	3	271	414	140	114	4	0
0	0	8	274	9	167	9	792	1053	0
18	0	4	8	0	0	244	44	27	2698
1	0	8	8	15	12	0	23	129	405
425	5	302	0	0	203	17	0	170	0
0	20	7	1	0	263	100	239	0	12
0	177	19	99	142	0	67	136	24	0
1	46	46	10	0	0	18	0	88	1
1	58	10	4	4	171	0	524	673	0
1	12	36	6	16	235	405	125	0	0
3	6	8	49	429	0	14	13	346	16
2	1	3	2	9	158	134	34	64	14
152	0	18	21	28	22	98	9	52	111
10	21	19	317	0	653	39	76	0	363
1	4	7	0	1248	68	259	0	259	6
0	149	0	3	22	0	0	0	50	81
1	0	13	44	24	1	152	38	0	0
1	9	0	39	66	0	22	103	10	281
8	2	1	0	6	136	4	10	7	175
1	2	29	209	21	14	16	39	0	0
1	3	0	33	374	0	456	14	0	0
1	34	0	0	0	13	0	158	125	24
0	17	251	0	5	0	16	110	66	321
0	5	14	242	48	213	246	12	271	79
1	182	3	0	134	9	0	127	0	36
155	73	4	6	39	0	5	0	31	749
0	0	3	0	0	94	3	16	10	0
2	4	34	190	35	80	0	12	7	106
3	0	7	5	0	0	0	12	0	0
0	0	0	10	0	12	599	124	44	26
1	0	11	0	26	32	32	0	1223	0
0	3	46	25	84	60	0	8	0	12
2	0	11	0	155	3	541	1	174	172
3	32	0	0	145	213	25	1188	0	0
9	3	0	16	239	16	0	4	77	45
1	30	738	0	0	121	0	30	0	29
1	0	0	98	7	17	100	0	0	14
1	170	0	8	7	43	97	61	10	167
0	1	17	115	0	566	325	102	0	99
1	62	3	267	10	13	80	403	21	35
0	5	55	0	5	10	18	19	197	47
0	0	82	46	0	196	38	19	22	41
0	0	94	28	0	0	0	79	0	67
3	191	14	274	126	12	7	462	32	202
2	6	15	7	21	751	19	0	0	0
2	126	33	8	0	0	47	9	0	0
1	40	174	0	145	56	244	147	224	29
15	0	5	0	12	3	9	12	0	18
0	2	519	6	9	9	83	43	28	44
27	153	10	1	6	6	118	46	5	0
0	113	108	142	0	22	0	41	0	13
24	3	5	0	11	6	125	0	16	0
1	57	48	0	138	997	27	176	566	0
0	0	115	0	0	35	0	98	167	119
211	3	201	5	0	271	0	93	0	15
1	3	5	18	161	89	17	7	729	72
1	0	0	292	7	111	0	18	45	0
4	0	20	0	74	16	0	0	0	125
0	2	294	181	123	5	12	34	0	92
5	9	12	0	0	0	17	170	137	138
0	112	0	0	15	0	22	0	136	75
1	4	0	7	7	118	0	0	90	70
1	2	4	4	12	28	10	13	1511	150
1	5	0	311	4	325	146	72	345	209
1	0	258	89	0	326	233	238	15	98
3	97	10	9	0	0	6	0	0	111
2	0	38	232	142	425	61	0	0	0
1	2	0	70	7	12	0	13	295	0
1	0	4	4	3	12	32	11	17	20
1	19	0	185	0	24	0	176	24	0
9	0	65	305	0	136	225	154	0	0
0	5	0	193	8	116	25	14	0	26
1	0	30	4	0	11	7039	192	0	263
38	2	0	0	70	144	104	19	21	0
6	8	44	9	3	509	56	40	64	13
1	7	27	2	782	23	106	37	372	0
3	0	0	0	18	239	16	34	0	98
0	0	1	246	0	16	25	0	19	0
0	0	181	5	0	2645	32	13	10	9
0	4	2	9	194	0	0	0	7	0
1	27	1400	7	0	424	0	139	0	16
2	3	24	16	7	5	30	0	0	43
2	2	3	1	17	7	39	39	885	0
0	43	4	155	6	64	67	378	46	0
3	0	4	16	5	7	47	0	11	58
0	8	0	0	15	318	58	113	20	0
0	0	1	0	0	14	404	303	687	0
1	0	0	0	8	5	0	20	0	0
0	0	0	9	11	7	0	54	0	0
0	293	1	0	78	0	13	658	29	33
6	2	18	0	0	115	4	328	0	97
33	9	3	12	240	22	155	14	438	26
40	0	13	22	7	146	33	201	164	83
1	2	0	441	6	67	0	0	6	0
1	14	6	12	87	34	69	3	225	33
2	43	11	0	16	34	9	127	0	0
0	19	13	72	118	0	0	9	0	21
30	23	52	27	0	21	755	111	35	189
2	2	2	0	146	50	57	0	50	26
0	0	9	9	188	93	14	8	146	71
0	0	4	8	17	0	27	24	159	0
9	1	47	6	10	885	14	0	23	2
2	0	3	0	486	0	0	447	0	0
7	1	463	239	6	171	346	917	10	25
46	0	0	2	6	3	241	573	78	100
1	4	22	7	12	0	325	362	5	19
1	3	0	130	46	11	61	0	443	119
0	0	2	1	15	13	19	46	82	51
5	15	47	0	0	12	13	246	42	154
223	8	0	0	41	4	92	22	45	0
10	0	0	1	676	12	789	53	0	0
1	12	8	1	13	143	0	0	235	157
1	0	0	77	7	500	112	172	0	12
2	0	29	173	16	84	90	7	72	0
0	6	0	427	36	7	102	0	68	30
2	186	18	45	37	5	0	0	30	380
60	253	0	8	6	248	43	474	4	20
1	0	3	33	16	2	0	5	26	12
0	8	4	74	5	839	307	10	121	540
1	0	4	23	7	25	0	0	101	11
0	4	0	0	50	787	413	15	130	0
5	4	5	0	2	0	31	12	298	239
0	7	11	114	355	5	19	0	95	11
1	5	8	278	8	177	7	720	16	3
445	197	0	19	0	13	12	15	22	120
1	1	0	12	0	0	257	0	218	6
0	3	22	154	3	3	12	0	0	13
0	2	3	3	13	4	122	387	0	719
0	217	367	10	8	55	58	0	24	162
0	65	0	97	5	9	399	45	30	16
1	169	3	3	20	236	92	129	0	0
9	2	46	0	0	26	0	9	9	27
1	8	3	5	0	8	94	10	32	128
