1 NN	2 NN	3 NN	4 NN	5 NN	6 NN	7 NN	8 NN	9 NN	10 NN
110	107	194	229	227	340	100	102	572	671
102	145	346	114	228	172	381	430	526	584
151	236	210	106	143	117	121	101	431	214
155	100	251	114	240	192	107	120	106	465
136	103	229	337	468	209	107	198	250	117
122	109	187	338	202	428	355	105	556	492
109	106	224	101	282	396	193	100	109	541
102	136	116	113	104	294	298	446	594	246
106	194	252	239	251	393	106	187	106	362
150	130	105	105	304	378	246	155	228	571
103	246	203	198	105	112	101	101	116	111
125	114	121	115	241	213	328	455	372	230
153	102	116	118	282	333	186	143	101	419
109	230	216	227	224	128	103	337	338	240
176	118	209	212	305	341	445	301	170	329
108	213	319	105	211	105	324	315	243	247
123	111	142	101	392	278	109	419	558	717
104	104	112	316	108	248	302	474	401	446
116	190	115	255	425	157	248	112	272	107
120	211	306	348	102	438	275	201	211	481
167	234	134	291	221	261	100	213	749	228
113	134	313	102	108	367	481	446	217	526
188	119	405	124	168	101	318	151	114	117
104	170	263	274	272	100	133	214	153	228
130	102	172	101	497	395	372	458	157	191
110	316	147	103	104	339	475	478	226	537
143	258	130	300	268	565	322	265	331	228
101	105	155	328	275	235	264	280	404	588
109	271	110	100	108	248	448	101	203	258
106	142	221	406	350	207	533	377	358	353
132	109	243	128	101	330	298	440	114	282
102	210	324	111	266	280	263	538	285	465
106	295	196	423	200	120	524	128	206	463
110	228	191	120	211	424	162	266	253	284
126	106	312	212	311	107	424	104	457	417
125	108	217	254	101	442	148	541	343	140
102	102	138	107	109	114	368	337	104	113
146	101	106	226	337	212	227	182	455	128
111	141	248	116	201	309	319	235	104	246
101	109	102	130	395	204	541	187	379	635
187	158	120	223	311	103	170	325	220	164
113	168	136	108	107	539	113	254	406	355
147	113	126	113	235	187	342	373	546	514
100	212	247	105	264	239	488	323	101	354
107	214	232	116	226	417	100	252	108	104
102	298	306	321	216	141	169	223	364	310
188	113	116	104	113	103	111	341	120	215
105	232	101	106	255	336	112	101	211	148
126	120	100	377	106	224	344	134	478	346
141	124	347	250	155	102	103	540	131	474
111	210	112	230	102	100	206	103	104	202
121	155	101	109	128	605	210	478	254	276
190	215	219	101	188	360	118	234	286	276
101	198	122	138	308	375	202	377	327	294
103	176	217	309	332	120	101	438	549	458
107	159	128	307	244	209	217	285	113	104
126	113	101	344	249	236	405	293	542	577
110	101	139	107	415	328	219	415	407	104
133	104	325	104	100	294	323	575	593	227
136	218	223	121	193	128	214	396	309	361
122	103	106	288	109	100	417	229	309	212
182	104	243	101	397	214	357	240	101	249
117	122	117	277	390	245	324	117	616	368
109	110	131	112	343	108	325	489	921	213
102	137	102	100	235	458	100	668	103	100
121	120	251	112	365	324	224	202	493	251
149	206	217	348	410	246	106	124	374	253
107	116	102	269	332	111	218	238	467	108
100	106	224	102	328	136	528	381	100	157
140	112	104	309	103	145	354	217	539	489
112	129	263	109	491	217	112	157	103	220
105	105	108	259	512	542	350	104	154	137
103	109	122	332	403	352	368	323	243	202
114	209	112	125	291	268	343	227	337	124
103	212	104	209	416	509	439	100	112	105
106	165	101	100	132	101	208	136	116	226
199	105	101	304	128	257	244	104	194	266
188	128	100	112	253	101	108	514	101	706
120	100	327	242	122	440	198	301	329	514
111	109	213	214	220	407	224	103	389	222
103	104	228	241	110	103	452	105	101	193
157	108	108	210	325	221	465	111	200	540
104	222	184	104	101	362	331	101	369	233
150	219	139	215	180	319	101	258	423	327
102	115	297	152	302	149	337	415	121	217
132	112	255	185	122	106	100	255	219	320
112	121	142	204	362	102	123	202	472	214
100	198	205	199	106	373	373	280	330	552
143	110	149	255	238	329	394	353	421	458
158	100	327	105	255	227	257	104	101	207
101	189	320	451	396	101	450	367	566	278
106	166	223	116	360	118	248	239	102	207
101	158	370	303	252	111	101	104	104	639
183	246	242	296	385	272	341	207	131	104
110	271	374	232	316	273	154	368	100	104
150	106	105	104	346	103	251	643	430	411
101	117	224	307	227	417	231	238	484	351
115	170	198	130	364	469	318	474	429	106
102	101	103	233	367	216	119	542	365	711
111	115	229	188	291	108	101	485	102	180
116	306	235	428	334	118	188	618	444	356
133	366	180	133	147	101	538	391	212	210
154	154	103	248	297	417	366	260	123	100
100	148	121	252	150	217	300	429	210	193
121	166	263	101	462	113	134	146	103	368
197	116	108	112	126	119	250	148	144	482
103	341	240	245	140	241	614	338	259	355
148	105	232	152	320	115	411	184	440	308
108	116	386	248	216	133	322	320	135	100
108	111	221	109	120	364	273	316	352	523
121	263	118	252	100	304	259	185	397	225
178	114	216	376	319	208	255	210	479	112
103	102	100	416	439	103	440	270	109	101
109	133	262	148	316	111	306	181	460	119
104	221	182	100	103	322	566	211	260	338
126	137	127	433	145	122	113	712	219	205
115	112	108	233	102	108	271	101	451	104
136	205	131	105	104	488	100	110	527	102
132	235	164	214	537	207	189	534	111	207
126	102	128	326	339	293	245	126	166	669
108	109	214	392	481	215	167	303	101	272
102	266	256	140	111	263	100	530	520	323
122	136	136	372	140	225	119	231	246	481
112	257	323	317	438	352	365	243	573	100
170	231	104	160	104	232	317	773	178	107
106	247	125	239	295	258	100	194	277	603
101	168	322	241	120	131	101	647	221	418
104	128	223	120	120	128	333	591	101	114
111	282	264	369	106	113	101	188	372	739
109	126	143	336	279	131	235	202	212	647
106	102	307	125	209	307	216	217	228	217
152	103	194	195	107	250	489	162	100	164
128	239	293	240	200	396	207	618	377	489
120	242	142	211	316	241	213	101	330	315
125	113	263	109	214	129	155	381	260	130
109	302	378	121	355	176	499	478	354	165
186	250	220	191	115	111	423	227	269	265
112	206	121	428	372	187	354	222	597	197
127	180	117	215	472	415	377	349	101	221
100	151	106	440	381	102	409	131	212	142
144	227	109	106	342	131	151	363	546	434
100	106	405	222	342	113	209	215	272	447
114	277	248	221	219	277	107	100	102	201
100	277	251	102	139	213	121	335	386	246
145	219	117	238	186	254	211	104	284	265
104	240	319	103	337	298	102	247	101	116
108	102	107	239	151	100	439	286	215	278
109	188	224	228	209	123	121	390	378	321
106	109	357	217	111	631	108	359	210	101
100	117	215	186	422	329	353	105	100	220
104	237	126	185	231	425	187	215	558	104
135	281	332	217	122	212	113	488	222	104
109	158	116	101	207	148	346	434	267	406
103	140	218	119	108	321	216	446	266	103
113	119	244	111	117	403	423	222	311	248
104	209	226	220	279	364	275	434	227	266
126	109	232	101	268	439	552	318	235	358
109	215	216	156	416	424	106	249	250	177
126	103	106	107	229	255	390	102	310	204
104	100	103	111	100	349	229	259	211	380
121	248	202	192	216	117	101	141	399	325
111	187	187	326	329	167	217	217	113	103
117	109	215	248	122	215	153	106	327	103
167	149	217	300	204	218	352	351	141	676
133	132	193	106	263	169	101	224	126	147
101	253	219	189	209	409	103	526	160	386
100	101	289	106	222	223	268	436	474	109
100	104	119	215	320	101	364	259	102	112
119	176	107	290	244	205	237	420	206	336
194	146	148	231	342	103	381	134	332	105
115	228	217	103	118	136	117	244	467	141
113	144	230	160	103	103	368	307	456	247
134	134	217	246	103	118	360	104	205	240
109	134	205	490	227	104	305	348	518	113
100	122	209	142	212	176	259	100	527	103
101	100	155	228	258	132	204	364	546	807
111	103	103	104	249	101	695	220	499	567
112	233	118	363	231	128	208	298	104	278
112	229	100	225	130	207	342	323	404	176
103	132	211	176	101	120	264	128	399	594
114	107	301	132	101	340	102	252	101	597
133	185	230	320	181	288	185	463	132	461
189	122	137	309	227	103	124	110	103	454
185	211	225	348	213	337	484	222	231	115
117	115	105	277	173	101	194	321	409	371
103	224	254	428	149	263	256	104	119	653
109	133	106	246	236	261	104	668	336	107
110	160	305	187	359	111	334	324	387	221
101	101	143	235	439	223	264	227	449	540
120	110	102	286	109	136	508	106	349	227
101	138	282	274	101	232	158	589	114	324
107	139	264	224	345	358	100	111	278	319
169	104	369	251	318	241	107	487	214	134
103	133	104	110	209	208	111	359	222	104
106	129	130	313	128	334	429	220	327	577
113	104	319	100	205	473	293	170	345	751
145	111	302	282	302	219	103	111	559	231
196	189	178	106	100	146	467	195	100	331
111	134	141	114	302	572	245	239	116	378
103	210	383	107	318	365	101	536	278	280
116	111	295	101	355	101	186	229	629	315
126	104	226	269	126	302	132	200	105	497
101	227	143	101	250	266	355	477	326	109
107	133	214	248	228	515	215	120	375	465
103	138	131	102	422	166	100	337	213	102
111	124	105	435	335	124	100	100	248	491
106	115	115	325	354	161	100	385	134	436
102	114	225	164	101	491	111	107	108	223
104	126	206	196	138	409	379	101	100	245
103	217	200	349	156	293	207	565	433	516
101	125	101	404	262	122	209	292	319	333
103	194	119	211	406	381	178	432	101	449
109	108	310	100	155	216	198	273	500	200
133	104	116	280	335	194	111	519	215	240
140	108	400	107	215	245	329	107	399	165
112	111	164	309	100	119	228	202	329	103
109	229	279	195	338	182	104	100	578	336
117	101	237	109	353	287	215	174	103	420
117	109	255	406	239	218	213	603	500	284
189	219	237	104	253	324	253	222	221	251
110	126	121	106	212	207	225	534	207	234
115	101	268	107	233	506	100	242	160	103
131	132	270	334	376	318	311	117	447	268
118	119	306	105	288	212	444	320	220	273
126	131	100	250	326	313	452	233	442	234
112	108	229	116	411	130	422	167	422	347
100	123	323	248	258	120	222	531	392	207
106	118	295	101	142	318	342	541	473	413
166	116	297	107	211	212	131	102	484	222
135	222	291	116	336	293	104	481	103	206
115	193	243	329	371	215	231	326	222	101
160	216	114	100	286	114	473	230	318	486
137	102	489	226	288	443	665	471	364	751
105	330	110	200	282	102	217	120	101	186
106	110	113	415	280	234	524	119	440	208
154	108	207	141	113	235	456	112	716	158
139	114	220	246	201	215	333	280	198	132
101	226	207	235	294	512	102	118	101	350
143	103	272	227	195	101	101	446	437	328
153	111	251	101	245	126	388	102	256	134
109	213	106	134	270	106	228	339	210	122
104	218	103	220	123	100	139	238	207	376
117	135	149	148	102	120	245	479	120	315
102	101	143	387	339	420	241	234	324	236
111	298	102	215	100	109	434	381	237	133
152	167	110	233	105	380	190	234	107	214
101	121	119	210	406	313	102	508	106	618
105	194	205	417	368	228	386	343	318	394
108	258	148	261	126	104	217	100	265	102
109	126	220	137	345	136	362	327	227	480
103	122	180	315	231	260	120	339	463	245
106	102	126	497	412	302	469	531	105	334
112	284	208	144	293	274	371	217	394	327
154	106	113	112	103	522	366	422	196	418
130	224	270	129	275	307	217	286	664	231
109	226	134	122	100	308	417	122	226	353
116	138	120	375	221	445	307	411	127	106
160	141	117	177	117	416	216	101	427	107
108	115	234	102	200	231	441	207	339	471
111	211	223	105	355	101	320	309	212	108
113	240	323	100	402	165	102	230	252	452
176	126	116	102	329	242	212	142	699	329
129	106	250	196	104	478	476	554	392	377
111	134	257	357	326	395	103	570	257	571
108	234	236	371	102	211	389	176	359	238
124	138	241	209	238	477	227	103	336	110
170	212	111	122	213	284	145	447	297	530
176	215	100	421	107	133	125	429	454	284
149	325	107	360	355	323	327	223	273	182
106	155	100	242	362	107	107	390	352	517
111	188	133	108	210	221	100	315	217	291
117	255	233	440	519	398	221	111	534	427
113	217	220	360	529	405	108	527	286	519
116	112	100	324	458	343	111	134	372	537
109	250	148	105	207	101	524	236	408	241
142	243	101	208	256	225	321	214	108	396
101	103	217	163	232	222	213	219	443	316
110	137	245	100	263	105	343	102	123	226
103	118	166	100	241	288	382	389	287	216
110	115	139	363	131	213	138	352	392	168
122	105	101	392	213	128	219	332	378	644
170	232	216	225	343	219	238	187	207	388
104	159	113	127	290	126	117	247	291	519
106	304	102	207	122	101	465	524	403	315
115	194	283	320	100	104	130	229	196	632
163	220	275	329	264	324	336	220	387	446
112	234	208	115	121	111	105	207	351	103
104	102	103	107	530	102	159	324	100	127
106	109	329	141	226	346	104	418	247	229
126	128	100	116	298	237	104	101	103	561
118	223	153	243	226	209	143	202	352	245
102	252	204	100	346	326	248	239	746	490
181	103	114	101	104	247	122	102	147	103
103	111	212	101	296	244	263	383	230	547
101	100	118	100	387	104	347	134	105	214
107	103	122	120	420	472	377	207	103	100
108	258	191	100	126	325	266	481	301	101
129	248	111	163	289	481	377	211	340	508
104	139	135	231	116	327	103	469	355	116
107	101	123	348	204	119	257	333	425	437
121	137	129	114	135	455	242	284	404	104
106	126	155	103	180	220	631	476	776	480
104	104	101	246	126	188	106	423	374	229
199	107	369	280	222	180	146	190	209	100
159	115	196	125	191	252	350	286	100	376
100	102	369	129	346	317	515	258	560	431
111	103	231	302	260	329	324	472	135	100
127	234	204	337	101	148	227	259	101	351
113	213	105	137	226	360	196	292	648	224
174	104	229	277	329	166	284	237	337	226
139	100	214	212	450	204	311	100	100	237
108	109	106	203	316	372	492	101	103	325
178	247	177	312	419	560	219	101	122	138
162	287	213	132	148	302	104	356	336	387
146	111	122	419	105	352	386	234	408	249
138	115	216	117	410	153	346	225	358	345
196	260	237	102	390	162	103	254	112	397
116	121	105	230	636	157	102	436	176	103
114	187	216	140	427	226	208	365	232	422
156	108	204	209	155	347	134	134	454	233
119	206	100	352	319	100	102	226	220	103
158	127	208	223	105	203	434	198	110	291
144	107	123	108	173	101	422	275	154	226
103	107	366	172	231	215	372	307	232	318
115	215	138	100	211	152	323	299	100	748
121	204	112	324	241	215	124	590	337	551
106	126	230	201	416	233	319	346	248	397
111	111	315	100	118	292	212	314	555	109
101	109	238	435	246	241	663	144	527	343
113	222	307	241	107	220	119	103	480	392
112	111	110	219	116	353	230	105	326	221
106	100	222	115	265	391	310	133	539	515
127	121	223	215	230	294	250	512	376	317
106	334	114	362	352	289	185	346	826	315
118	104	200	139	426	107	192	247	113	106
114	212	227	223	111	250	238	115	807	357
105	100	341	110	232	514	128	140	323	373
138	126	302	227	109	145	329	286	101	511
127	359	107	248	266	128	272	510	255	218
113	107	237	258	366	259	103	469	569	108
144	116	318	338	309	204	103	283	369	101
110	134	102	355	307	288	103	446	121	324
100	125	292	124	563	218	313	433	580	380
104	233	114	281	236	212	100	246	526	298
108	100	139	307	102	576	472	230	275	269
116	113	115	213	145	315	100	536	218	107
139	173	253	303	319	107	535	311	105	123
103	221	320	110	304	107	320	103	561	219
127	207	224	388	158	211	360	330	644	214
101	118	338	107	235	268	465	308	436	102
152	258	211	238	381	218	100	356	103	420
121	194	101	346	135	102	585	211	125	425
142	104	111	451	111	222	193	201	151	323
105	287	510	103	407	542	278	204	320	230
102	355	202	187	118	230	265	101	101	573
132	247	109	110	341	103	150	221	331	429
106	229	211	202	170	104	251	455	539	472
101	103	101	126	126	250	307	114	231	557
100	124	207	141	297	510	574	379	359	181
102	233	125	149	212	236	302	369	187	180
107	107	207	311	105	138	468	351	154	224
129	169	117	101	109	508	390	596	246	140
137	212	234	368	100	291	566	235	224	693
117	212	107	253	309	101	332	285	206	405
109	138	104	255	111	436	319	397	103	422
125	103	326	200	100	235	258	338	361	204
138	131	182	254	262	322	248	380	122	119
113	106	209	490	119	269	337	734	107	102
108	101	105	234	245	335	160	346	319	602
142	131	134	237	102	224	392	489	358	245
142	101	104	133	139	231	216	121	344	217
107	242	101	105	114	111	332	264	453	291
114	115	226	207	224	131	101	342	214	371
163	111	248	219	103	111	329	265	305	125
104	121	102	129	237	352	230	349	178	230
189	211	296	344	320	211	118	195	227	188
173	111	233	416	102	521	124	536	317	513
140	264	290	292	283	351	215	250	648	469
115	128	151	314	408	292	248	587	208	405
104	220	229	102	115	137	263	344	266	107
103	138	103	274	375	497	540	397	265	859
113	219	199	198	109	104	557	256	588	424
179	107	364	331	120	507	106	107	230	258
117	218	208	117	208	112	122	539	660	101
113	118	216	213	116	559	227	454	349	332
100	173	101	103	213	463	268	109	310	403
104	261	102	112	348	373	101	354	239	109
103	231	103	317	150	623	288	148	273	105
109	220	101	227	199	187	321	353	106	101
116	104	215	162	227	414	543	325	407	347
153	178	111	236	101	108	216	103	100	210
105	105	140	107	315	401	246	332	304	539
128	125	101	101	207	253	100	157	631	358
120	118	217	126	418	347	330	357	347	108
110	217	140	213	293	337	336	450	194	107
177	134	313	264	115	323	113	102	739	136
118	230	105	328	320	526	235	327	231	429
112	107	310	337	144	141	316	105	117	284
104	192	119	134	312	376	302	112	342	310
111	213	237	237	331	103	421	101	438	175
176	164	248	146	333	228	144	371	278	109
106	205	208	326	182	101	233	109	458	493
111	215	142	238	101	237	321	251	104	246
141	110	251	220	155	214	101	205	107	103
138	142	216	243	128	433	354	100	102	834
104	236	100	162	216	336	132	132	211	303
109	138	113	101	120	207	100	380	297	378
104	166	310	226	228	256	422	306	229	103
117	142	117	104	103	272	342	303	333	240
185	123	335	310	101	230	221	368	359	116
105	104	100	327	111	239	136	280	221	209
190	176	101	130	285	592	468	100	180	215
101	106	186	415	128	250	102	114	103	103
101	130	120	106	305	427	103	327	104	347
106	149	112	399	291	107	349	398	331	352
176	160	335	374	104	299	100	196	447	263
107	137	141	102	278	131	137	104	111	468
126	213	340	303	261	263	147	486	228	258
104	212	132	319	316	110	250	485	143	235
180	206	234	226	411	100	366	556	297	103
113	173	207	337	120	101	262	140	115	422
111	115	104	320	214	249	549	246	208	124
112	125	107	312	434	279	277	318	102	208
115	110	209	119	130	105	101	327	426	147
112	110	101	101	261	306	104	119	253	327
115	214	250	106	121	596	446	238	197	160
107	161	331	329	237	100	548	268	382	153
105	101	371	343	135	314	130	200	176	214
111	111	168	289	101	244	364	227	101	261
126	106	322	292	433	231	188	351	132	126
102	144	240	342	237	144	127	338	230	297
195	120	272	119	174	106	243	207	343	405
139	221	234	214	429	432	323	398	231	423
132	109	227	219	111	320	349	450	106	102
105	268	102	127	352	311	419	350	158	110
106	211	198	109	311	362	326	403	233	101
143	216	225	104	239	419	234	257	575	117
106	100	231	101	101	103	444	100	107	646
110	107	150	103	185	556	221	322	249	125
119	190	115	106	248	133	248	100	481	290
126	135	137	104	467	100	311	147	517	293
105	144	234	166	219	114	578	151	112	245
115	116	116	230	343	424	372	134	343	110
108	146	126	328	113	293	237	107	457	178
115	207	370	133	126	359	107	256	815	355
100	108	312	326	263	279	134	101	531	318
154	101	266	113	284	233	315	107	456	123
104	142	105	277	411	164	410	638	153	104
147	105	103	312	355	311	546	242	112	563
155	105	101	264	489	333	143	427	240	406
116	124	214	101	363	482	280	477	410	101
101	314	107	215	242	184	239	217	101	559
128	247	231	163	201	106	101	219	104	302
104	269	234	211	105	502	279	256	355	542
132	211	114	100	280	101	137	558	227	275
136	117	136	102	128	193	106	323	392	352
102	103	113	100	399	344	278	416	117	162
155	273	103	103	110	424	489	143	103	360
125	246	104	326	182	228	102	100	212	527
152	122	110	211	108	215	594	113	520	394
130	103	108	181	103	215	434	209	195	176
114	134	367	261	112	204	409	100	311	249
112	126	310	338	250	649	100	341	210	101
150	104	227	124	283	126	444	329	461	416
107	115	118	337	353	240	102	101	378	215
180	110	136	108	126	220	278	530	377	354
104	106	193	107	112	211	398	390	102	321
109	111	220	102	101	309	118	173	105	255
112	100	109	155	254	101	144	115	102	275
112	239	184	338	269	307	113	264	243	100
117	309	101	282	237	359	315	377	387	107
108	110	109	309	290	433	359	215	107	292
101	289	187	357	115	152	137	616	372	524
155	115	215	136	102	117	101	362	277	261
199	221	111	161	100	204	160	111	333	454
186	107	243	256	479	195	137	331	102	241
102	113	230	108	218	487	106	136	524	669
121	107	318	133	121	278	338	440	235	445
121	121	212	107	248	121	111	455	326	656
100	104	127	232	111	255	111	127	115	241
193	295	106	315	347	186	110	140	320	416
109	120	106	128	234	216	360	120	519	446
146	303	249	107	292	232	246	350	265	100
106	198	273	403	213	486	506	163	100	266
103	112	230	228	214	249	478	101	214	103
100	131	216	441	284	255	413	405	194	555
109	129	130	100	305	399	114	263	316	372
168	103	216	134	323	416	418	103	267	352
113	206	253	127	100	211	325	137	370	411
179	137	150	103	105	100	137	639	373	218
104	206	101	156	101	209	536	123	142	137
106	214	328	323	113	312	380	103	227	270
100	111	294	411	216	210	418	233	100	133
105	297	214	223	188	418	100	425	334	113
113	276	111	109	235	344	100	111	181	551
107	158	135	184	209	398	187	254	252	232
103	146	102	349	215	497	300	478	217	216
133	117	111	113	229	153	338	371	103	115
106	193	252	215	126	428	245	386	229	229
102	115	225	310	128	291	103	143	721	700
