0.01 percent	0.02 percent	0.03 percent	0.04 percent	0.05 percent	0.06 percent	0.07 percent	0.08 percent	0.09 percent	0.1 percent
7	544	402	47	2	3	33	535	370	6
8	232	453	80	470	528	299	610	987	513
121	0	130	10	39	766	415	1291	1672	3588
6	2	6	237	456	1443	118	606	1243	1441
12	0	297	17	153	202	901	921	287	487
0	3	18	27	551	581	660	471	1094	679
1	1	225	445	566	899	246	953	1393	267
8	145	3	723	370	1301	213	11	3137	747
5	7	3	1	33	556	4	66	1038	614
57	6	0	34	154	143	216	584	1340	2066
0	284	3	0	115	44	56	762	410	279
0	17	315	292	156	880	967	656	544	521
0	145	49	1468	1	159	1050	1185	157	268
122	5	210	259	401	592	3	325	1292	1073
2	498	445	0	524	6	352	662	836	1068
20	24	7	276	528	326	65	840	403	7
430	7	142	424	400	540	820	246	269	1090
3	136	1607	2	632	277	334	1682	3	348
17	36	7	472	253	286	679	21	397	1973
8	587	8	14	368	1094	1073	398	853	716
4	15	55	30	1148	1200	632	3487	18	1314
3	70	323	413	177	46	445	701	623	1014
32	240	15	2	5	150	57	41	588	406
933	20	352	299	315	411	156	242	268	208
121	6	211	3	488	728	1504	420	1976	43
0	108	10	554	22	27	252	3	978	173
5	20	118	66	327	38	814	122	1085	37
9	65	99	157	70	315	1032	683	414	2389
8	10	145	104	48	47	102	415	100	1714
113	333	41	307	34	256	271	285	34	442
4	32	251	233	280	4	818	65	10	1537
1	17	6	609	236	433	470	12	451	515
341	5	10	437	15	385	1621	45	368	790
17	106	271	362	349	360	688	6	562	69
3	0	482	177	483	337	72	584	593	1148
1	218	270	0	130	517	443	1330	325	823
2	30	257	16	154	474	6	1600	300	598
2	24	142	121	450	398	836	853	1072	23
71	140	86	191	86	5	5	102	7	555
7	154	5	446	34	201	289	515	368	294
50	8	65	352	906	2	1658	914	152	377
6	14	219	409	2802	529	1592	748	160	640
59	11	104	269	11	2	1490	1540	144	639
1	48	13	183	14	699	561	390	405	1857
6	6	371	142	295	25	231	486	9	469
2	301	415	404	811	1401	56	246	53	597
415	34	13	72	1126	5	896	598	520	305
123	157	32	5	392	24	1026	544	4105	393
9	4	1	317	20	386	4	1053	356	209
108	0	675	267	843	1209	181	3452	8	146
393	186	2	1	130	173	99	369	63	663
7	31	176	498	6	263	1203	322	648	2527
2	689	10	668	29	22	335	277	574	1066
19	280	19	44	362	198	476	93	358	207
291	16	5	425	142	338	907	392	714	19
7	136	3	34	398	1170	25	8	2053	1106
26	22	18	12	24	382	369	526	506	684
7	194	24	178	197	807	642	347	324	835
13	15	188	678	148	267	790	415	194	113
2	28	315	427	431	417	105	552	567	749
46	13	76	783	2	44	299	303	563	375
38	3	160	2	3	922	329	730	17	501
8	591	172	532	8	507	464	232	1145	378
3	2	307	5	1047	1029	932	486	933	1491
2	59	2	526	291	519	22	481	14	473
38	350	348	468	899	846	406	759	504	898
251	411	1	280	1319	572	1391	567	1146	419
444	334	260	295	1013	431	480	1216	766	7
4	18	4	12	285	45	370	443	71	815
0	112	0	62	361	242	68	9	1162	2525
28	3	108	357	12	149	130	10	678	988
1	118	5	489	610	2	816	993	146	204
73	11	39	2	49	137	493	291	1439	353
107	108	18	636	179	1427	2280	1359	856	454
0	343	424	63	392	510	793	288	465	912
5	232	563	143	14	593	232	542	2633	204
64	666	49	8	41	1193	507	562	281	1038
5	183	327	250	82	92	278	884	42	711
28	3	52	3	184	286	354	614	929	686
4	84	80	185	747	297	580	361	203	471
8	2	45	16	1067	643	1953	570	292	1240
200	503	453	43	4	626	758	207	315	534
1	0	1239	372	25	20	5	936	124	657
1	1	137	248	1507	1289	335	254	950	489
8	364	1	28	221	2852	81	184	2043	1093
749	337	46	365	511	459	215	961	339	461
0	3	4	244	265	3	988	959	1087	1242
130	2	20	346	317	772	481	85	506	1035
0	18	564	440	473	2	774	248	617	1003
0	18	223	1551	41	746	7	411	3890	268
160	95	18	610	269	2	263	92	992	656
3	5	347	184	1	44	735	209	34	202
0	19	218	2	353	282	316	403	1633	2588
6	8	100	138	570	188	20	221	2708	98
3	321	805	24	246	309	58	1379	846	1236
19	147	2	132	378	433	267	758	483	4
149	146	560	8	392	460	556	592	942	936
707	129	189	330	76	286	27	59	8	424
2	1	795	133	19	24	61	589	10	153
18	17	302	20	94	225	683	11	1141	16
304	3	0	107	66	41	710	2240	414	399
8	158	223	415	748	333	661	5	1005	90
75	83	3	28	325	101	159	165	1110	1171
1	130	156	121	41	734	951	366	708	1286
20	444	291	452	248	1	724	300	1971	597
0	2	1	310	1	213	406	1096	1364	1362
7	28	279	231	2191	111	345	767	728	423
9	79	129	377	15	588	856	7	529	905
287	371	13	726	2	427	305	182	1107	108
119	34	293	381	19	16	397	4	104	382
353	204	1326	6	572	654	396	342	547	38
2	6	257	232	700	346	7	282	1126	888
1	1	484	314	301	876	676	1055	267	155
2	197	161	222	396	632	452	3	9	8
2	0	894	317	660	298	311	176	468	17
7	3	20	2	300	650	218	38	534	257
223	367	29	254	75	436	233	4	2863	1951
421	399	142	329	1505	365	562	655	190	282
115	845	330	835	457	16	582	1290	154	151
1	88	12	31	49	458	787	753	523	770
168	3	345	187	25	150	1280	560	273	572
0	8	1249	3	1	1732	60	1037	453	824
1	49	105	194	51	594	658	398	2323	760
0	237	13	79	464	277	505	880	94	612
0	3	6	98	1216	771	417	137	17	1007
1	57	272	50	678	371	341	1225	327	90
2	267	16	360	349	513	1299	411	404	1097
11	270	179	798	540	1	546	749	4	396
43	2	0	367	314	143	568	882	11	92
283	202	28	3	286	614	0	186	406	1305
0	240	30	106	176	640	1175	599	672	1050
193	242	23	48	21	30	721	430	583	467
0	225	60	1091	7	225	403	717	2325	634
44	7	282	609	358	102	120	937	135	414
139	155	2	1590	1223	815	518	644	801	332
106	605	300	7	266	202	1207	514	66	794
315	5	10	473	1133	210	733	933	508	125
6	2	24	587	235	113	1021	204	459	1185
359	17	0	0	323	142	27	16	75	460
68	171	27	1322	20	445	23	79	232	29
7	157	313	58	1707	604	1094	587	20	819
7	21	132	219	8	142	278	292	138	47
101	187	11	6	44	661	336	847	669	927
0	0	621	107	588	140	863	1257	699	1032
212	3	233	1	5	844	311	2	709	681
134	3	92	8	438	888	898	537	85	368
6	258	1	28	277	506	9	443	69	377
0	71	240	16	161	466	39	704	510	746
19	170	87	6	135	377	104	1268	615	792
375	7	404	323	67	2	739	3564	115	435
0	4	313	13	35	22	263	81	431	350
5	0	540	204	584	1092	1134	2110	1106	1017
6	165	418	484	231	696	18	1634	2	266
313	11	28	95	1285	23	244	7	213	579
117	376	16	1319	319	353	490	291	875	855
141	96	150	2	1860	198	49	1575	727	285
0	20	10	171	434	0	70	907	66	3
5	187	150	3	106	818	409	249	199	966
64	147	3	273	35	41	397	764	580	489
2	1	7	1253	130	346	476	677	87	721
1	300	14	286	491	798	80	598	1308	190
39	265	661	1239	299	238	626	240	25	355
11	3	758	473	3	643	622	220	922	69
72	114	6	112	463	6	552	263	729	397
26	19	264	47	204	2	409	4	578	754
3	0	417	13	154	134	759	949	299	1851
4	12	82	590	168	1007	711	531	362	693
0	335	1208	7	1018	517	54	473	906	859
172	128	323	527	513	55	4	221	11	268
0	17	105	121	0	647	29	453	2	1223
101	203	268	14	150	445	392	350	872	69
3	0	44	23	380	654	64	18	5	50
1	113	327	170	0	3	869	24	652	531
16	294	528	107	75	872	432	3	768	587
6	2	8	32	348	521	0	301	31	780
436	2	0	35	746	411	208	477	636	813
30	35	11	249	849	58	502	2561	657	1354
0	0	457	31	207	88	510	806	1864	5
202	380	49	2	549	79	873	1371	825	499
0	80	177	43	277	367	20	542	787	69
6	95	164	0	851	809	767	446	2	422
0	161	3	339	583	532	682	68	573	898
0	19	93	441	59	20	89	348	360	222
74	183	447	5	40	574	497	451	840	97
19	27	170	52	99	272	243	438	1035	928
0	5	75	202	405	1278	706	287	505	11
382	109	6	183	9	818	25	361	312	481
20	187	135	144	2029	489	912	5	143	719
271	2	448	230	241	277	475	762	77	607
2	86	291	800	3	1027	333	890	128	392
0	2	368	201	422	708	267	8	543	1372
14	602	109	381	1144	190	725	706	1560	4
1	174	131	393	33	12	419	27	36	6
63	54	20	431	74	243	344	944	1051	46
1	69	26	2952	348	582	7	615	474	181
92	147	11	5	1606	3	71	74	7	283
1	1	413	22	19	1636	15	1828	586	10
21	17	7	203	278	538	738	1373	651	10
6	21	224	321	20	15	700	644	22	409
4	1	62	486	625	684	708	5	481	4
0	4	12	292	299	1206	699	504	818	775
0	1	259	35	7	673	219	227	87	632
166	241	38	499	3	763	11	187	1005	402
125	0	4	15	169	442	692	836	260	555
41	609	168	656	184	58	521	630	1157	45
13	4	407	625	1256	10	263	4	74	3225
0	91	11	37	12	1291	456	263	45	747
186	269	684	228	615	286	743	167	459	480
2	7	0	213	0	92	28	657	460	609
10	284	117	555	57	149	680	380	623	7
0	24	151	318	93	20	784	75	1145	1547
131	58	153	61	433	1137	385	63	2414	1066
194	84	19	173	2	263	22	437	416	556
462	8	824	305	560	197	30	27	770	1203
56	15	256	584	528	471	515	703	718	1275
186	12	378	307	101	454	50	360	52	19
75	218	623	183	412	396	410	1763	1622	525
8	163	7	32	350	131	953	855	126	576
158	1	15	180	55	768	397	1097	825	124
5	6	0	369	34	192	761	487	997	101
226	226	2	22	42	346	216	527	1107	281
0	9	2	9	0	475	716	659	1504	175
62	129	28	44	17	23	171	107	947	28
8	4	29	1043	178	28	200	595	394	849
2	16	87	24	80	289	556	220	68	718
2	584	443	64	266	233	24	1086	406	953
36	424	3	176	302	123	238	200	763	990
2	244	169	288	34	46	38	217	625	570
12	160	219	299	32	934	407	1736	1186	162
1	390	780	300	15	153	745	588	1406	361
188	2	415	552	269	23	496	1228	806	768
0	251	10	2	5	1370	14	20	711	478
0	34	379	296	1515	25	301	53	1134	795
3	308	281	196	250	738	1013	253	43	128
6	136	924	399	588	970	277	4	384	872
2	19	3	354	666	525	1237	685	762	1210
0	141	86	23	147	202	644	944	526	846
34	124	52	88	1	417	525	390	82	887
11	668	360	323	608	229	182	8	853	735
4	3	664	205	342	376	810	1495	69	77
96	541	1	486	28	260	133	135	174	534
249	4	299	18	51	36	51	653	1474	18
4	20	33	222	45	559	311	687	1216	397
103	65	166	32	323	58	2	704	1269	1856
606	17	2	219	10	149	125	61	347	1918
158	1	424	0	16	348	435	914	3	1037
0	19	386	15	227	19	4	938	31	1402
87	3	24	16	115	16	18	366	480	424
4	6	57	129	224	743	509	584	397	956
223	316	126	508	763	527	27	232	180	136
6	0	27	10	802	553	145	346	1893	893
14	477	179	7	490	516	604	457	1164	750
17	343	363	2	1869	511	29	1188	867	588
10	430	113	112	1050	1340	352	24	111	983
195	2	29	1	386	551	46	4	990	94
1	70	105	33	0	521	51	110	715	508
3	3	5	1035	1608	592	54	992	1087	737
8	188	8	1339	473	429	4	18	1129	119
23	12	298	678	3	56	66	142	1250	1641
5	318	0	43	344	367	3192	1620	701	319
8	146	22	50	181	862	474	699	33	242
8	143	177	273	6	566	616	2260	1014	763
10	0	156	304	18	721	890	256	824	765
9	5	581	4	1775	252	26	373	654	2
108	125	16	395	9	60	1075	370	555	246
256	437	215	466	2	304	2746	1415	557	665
25	2	18	270	249	239	235	269	1025	59
65	24	8	44	307	54	72	124	743	1978
26	3	426	378	75	272	82	928	530	282
34	11	108	16	363	4	384	89	809	789
69	196	8	104	7	526	945	405	670	318
129	136	238	6	1385	106	3	92	5	24
2	283	11	333	645	2834	8	990	740	160
90	4	350	720	10	357	137	696	813	279
2	581	125	169	495	5	730	327	1913	4
3	323	11	78	33	669	174	986	22	84
173	8	869	217	1096	1065	491	284	121	95
0	9	2	415	854	563	604	5	973	1567
67	5	219	328	156	442	568	768	160	2259
290	205	255	37	38	57	558	900	1463	9
4	295	0	495	174	201	360	555	361	1091
1	411	1418	433	415	27	392	637	312	212
6	134	884	813	13	1086	1	1301	637	1265
1	11	2	71	373	96	10	653	1098	417
2	180	1	29	2	564	411	934	566	381
1	37	40	2023	29	481	2	401	561	283
5	222	199	250	1111	733	238	926	859	413
380	19	1	4	505	455	592	387	206	905
16	3	16	79	5	357	8	331	1119	513
8	21	24	475	246	676	15	559	1112	444
259	2	16	289	631	6	510	47	930	1236
3	151	13	511	101	933	663	645	1376	2362
2	61	487	2	1093	601	3	594	271	680
0	65	0	3	291	15	1054	264	770	446
195	79	279	505	212	490	281	720	700	217
23	81	349	199	126	294	74	482	2107	137
0	118	1146	388	743	72	287	6	451	729
105	30	308	436	515	833	891	772	605	186
2	7	4	171	57	5	1077	3913	862	903
1	221	114	43	170	889	41	901	561	930
0	20	22	82	475	31	166	253	68	1723
151	406	251	715	1	280	732	136	416	557
1	1	101	170	16	149	2509	442	558	840
0	3	8	194	9	375	1146	1888	3	1308
34	33	458	1039	15	75	30	7	72	933
258	125	536	238	295	251	94	560	330	796
142	5	5	607	134	797	238	265	1137	851
959	21	339	279	17	66	383	246	621	149
10	261	29	567	220	434	800	337	17	579
4	219	392	574	31	951	544	1747	1232	484
505	117	104	301	30	439	148	17	200	980
92	1	385	511	497	21	3	480	776	387
1	250	3	64	2	607	197	805	1241	177
0	2	614	51	1054	255	627	480	86	489
86	14	3	15	191	227	226	2006	83	29
0	6	192	248	39	90	29	434	1488	670
2	0	47	591	516	258	773	229	1308	760
24	44	1	90	888	564	34	23	226	878
87	449	20	451	940	366	642	150	469	567
70	12	177	811	3	74	2592	100	335	840
1	19	2	500	40	68	474	212	9	162
1	382	20	1	5	537	464	793	7	745
0	301	181	409	267	27	694	11	518	557
0	33	3	27	2	773	35	372	635	435
6	452	187	175	13	662	149	12	217	43
0	126	102	325	566	272	580	866	823	569
109	7	48	214	13	322	698	6	1157	2113
204	11	878	404	4	400	162	1583	590	991
9	249	87	225	344	442	449	632	318	1742
0	169	0	469	194	850	5	1411	1059	731
36	137	1141	6	11	470	646	686	313	593
132	16	132	786	691	1804	258	1664	1851	661
327	17	300	32	282	493	486	1090	455	153
2	244	7	828	233	496	234	492	367	1145
1	235	43	15	292	25	642	1085	643	395
3	260	160	31	168	279	646	0	625	384
97	215	9	170	334	630	1045	4	230	646
2	20	63	412	170	277	9	107	31	22
0	39	380	6	599	326	86	578	1384	830
50	144	0	366	95	12	1062	1126	588	943
9	10	16	707	445	267	559	93	1415	2880
66	43	2	745	4	60	14	368	996	264
6	214	41	483	474	605	3	68	618	107
6	203	131	34	35	1	388	562	541	89
22	107	251	19	507	466	365	1291	8	507
14	85	99	133	513	365	33	3704	144	1240
10	88	30	220	359	645	82	344	305	383
6	352	89	1156	548	310	525	485	672	1974
27	14	163	1449	154	302	924	450	844	1520
1	714	182	29	209	74	318	761	1030	9
105	5	173	5	365	77	400	527	604	219
327	498	249	272	783	20	838	1022	407	686
116	9	184	211	43	2756	5	730	518	458
16	204	294	364	932	64	351	1893	364	515
97	114	416	108	8	549	64	56	738	955
3	265	80	528	205	537	776	444	785	715
5	170	397	219	80	332	655	1213	359	618
5	36	904	4	640	11	41	417	295	352
2	2	928	1225	242	404	1811	448	463	402
227	33	188	224	678	1465	2790	506	311	916
55	125	95	2	0	1008	1019	544	82	689
5	5	4	298	4	857	678	3	60	385
2	191	4	50	607	968	4	1160	85	288
479	4	21	554	54	52	519	80	1212	1347
78	2	4	234	398	777	1063	2007	39	426
161	330	296	23	58	333	791	8	1322	449
2	3	83	671	5	22	301	347	696	81
4	0	36	5	141	2	54	221	1377	706
4	42	254	167	146	288	63	727	301	1604
1	0	4	360	59	2330	5	415	648	516
155	25	256	393	279	1400	5	319	298	925
10	382	33	21	316	744	455	2172	812	202
5	76	2	296	2409	136	803	433	683	575
3	89	61	242	4	393	143	946	524	508
22	1339	25	51	216	556	357	1311	993	1358
21	151	0	91	242	602	532	1458	1090	1039
182	7	245	845	771	799	755	510	111	895
2	739	1550	357	2	637	34	587	683	262
11	3	414	2	941	67	595	461	1093	569
1	625	135	23	238	345	300	377	1951	216
98	23	719	743	6	604	755	142	999	1062
6	92	36	209	18	485	401	1070	984	497
111	9	6	203	11	138	618	1693	14	691
3	12	41	29	3	463	6	452	2	279
141	413	344	12	2303	1836	483	584	388	749
3	2	5	1033	700	229	87	731	92	538
1	131	90	395	31	1651	45	1369	215	1591
7	259	242	301	1	130	163	291	10	622
1	144	161	1472	149	147	90	671	746	613
2	451	15	161	222	496	51	786	327	1393
41	3	32	312	371	285	6	370	469	14
2	3	225	71	1	786	858	32	248	165
1	0	828	35	191	21	2	57	874	3741
11	134	174	2	84	2131	451	799	678	4
2	95	1729	620	406	300	122	3	0	836
1	75	1110	218	7	8	494	83	565	604
3	5	99	462	660	242	59	84	25	265
12	0	1	208	1501	278	44	43	603	487
138	2	48	459	1013	3	1146	282	676	472
155	3	23	166	29	345	406	268	55	617
8	162	210	29	7	34	343	372	96	11
0	4	375	20	442	553	1363	292	2772	384
1	1	114	59	48	416	11	1193	1555	2585
1	5	2	201	47	365	640	188	966	7
5	4	27	424	986	628	3022	175	858	39
310	305	267	3	443	29	482	529	677	337
4	1	447	28	252	353	193	934	672	3009
0	227	1	142	263	444	1175	2110	426	753
0	297	9	5	770	47	563	581	636	632
412	239	28	307	0	757	319	496	694	1069
0	21	341	92	3	169	409	707	1021	842
24	729	3	268	721	177	89	74	728	1111
29	0	77	109	49	1078	2	8	958	1519
246	285	0	253	20	269	683	17	323	264
120	4	246	407	9	3	290	535	475	421
220	29	51	224	611	493	1544	2313	456	332
2	30	255	568	82	362	223	973	1347	86
52	108	2	15	537	63	743	691	276	398
310	10	240	278	186	202	94	80	208	364
9	11	501	1455	607	418	9	937	469	359
5	113	589	250	0	1	69	70	922	70
20	0	13	1025	300	2	19	87	40	1561
14	3	7	331	1026	702	629	23	683	84
1	32	34	589	14	450	394	18	792	503
4	765	1	396	342	507	504	415	1062	391
128	187	404	16	246	4	4	333	1104	188
181	604	10	6	243	416	285	6	1138	370
195	48	309	572	363	516	579	1638	13	829
0	3	660	55	10	433	362	447	6	774
3	8	384	645	538	1795	219	373	1750	849
48	0	195	531	41	24	726	551	1058	930
5	204	6	686	34	3	665	9	709	120
65	191	42	306	329	763	196	239	813	328
14	131	18	128	2	209	444	563	268	614
0	282	346	34	95	480	84	100	62	648
1	49	527	297	317	519	599	212	201	890
98	36	29	422	595	257	0	513	1102	1513
1	3	692	544	1809	563	45	498	196	390
82	19	1	218	686	96	26	886	57	901
152	5	8	1	14	58	577	304	847	889
12	302	247	43	416	590	606	2385	928	489
8	357	824	20	216	300	967	500	413	286
2	210	2266	293	268	26	408	841	234	212
7	49	6	124	1157	13	3	939	479	1073
0	1	21	51	267	483	324	687	202	820
0	7	373	311	20	585	534	849	295	1985
5	30	20	7	438	327	178	562	1229	505
0	887	1	231	239	411	274	316	288	876
116	338	212	17	303	41	46	862	95	682
291	355	2	77	342	450	542	337	1284	785
14	6	34	319	0	1067	9	19	418	1404
11	96	157	493	683	70	1092	122	411	553
933	152	8	129	147	3	938	215	2312	842
9	11	256	368	36	208	278	129	244	730
15	672	13	454	555	5	533	118	6	921
0	402	0	0	356	6	553	1281	465	313
3	370	293	443	233	82	241	394	1084	359
19	317	43	104	16	25	959	750	47	869
10	43	19	1051	5	789	278	1281	667	152
223	4	194	345	12	81	133	834	914	243
1	2	76	128	327	1066	720	689	759	63
86	503	2	1	1570	481	41	1028	355	555
23	388	35	358	342	306	856	985	1427	644
134	7	184	77	59	58	402	999	807	89
124	14	366	145	249	532	736	282	28	238
79	511	36	91	98	592	395	391	48	2211
2	438	2	171	46	2	230	1885	689	540
23	187	1025	359	53	344	952	564	360	906
8	428	163	162	189	51	263	2	499	215
1	276	217	375	70	330	788	25	783	277
17	6	39	2	435	711	903	445	896	98
26	13	7	16	746	1726	250	883	615	514
239	88	22	5	239	191	293	223	1141	1373
157	5	137	0	70	48	9	2171	925	1256
0	3	13	118	490	82	23	244	338	907
224	4	581	535	38	406	879	298	1034	140
46	1	313	249	74	670	314	452	304	475
0	10	9	10	434	406	904	581	1	1108
228	32	216	3	4	468	884	839	559	1385
5	18	2	761	319	122	1159	8	201	490
15	3	276	28	516	318	625	1113	1438	373
0	662	83	645	34	368	800	90	632	783
9	12	279	168	591	374	556	3	271	13
39	10	1232	113	24	310	797	75	37	594
73	317	3	937	27	361	692	141	702	7
7	183	673	633	242	24	62	75	669	480
6	2	29	331	146	149	959	648	345	90
497	158	19	56	46	18	1486	777	946	3828
0	144	35	68	118	0	726	682	707	160
312	130	516	247	308	11	1539	564	394	344
162	280	25	68	6	16	34	78	1780	31
0	3	158	717	126	28	871	66	1622	116
66	194	68	0	348	369	60	6	1323	741
1	150	196	441	295	371	1092	174	453	73
498	123	18	515	368	1013	1585	18	1693	326
47	394	2	3	0	294	707	15	1427	628
0	2	7	318	2	845	25	2	433	473
519	17	24	174	446	212	1446	392	3	1062
4	12	1	504	783	967	246	841	1648	298
0	16	188	120	89	399	102	76	31	645
