0.01 percent	0.02 percent	0.03 percent	0.04 percent	0.05 percent	0.06 percent	0.07 percent	0.08 percent	0.09 percent	0.1 percent
102	965	991	670	1660	1177	983	2450	2534	1550
673	713	3029	1155	745	2442	1630	1316	1671	227
667	511	962	667	466	1665	1322	1361	2475	1040
912	336	628	1553	655	616	575	442	710	1121
246	404	1643	5674	2216	1016	1212	1188	2318	1403
525	793	979	623	1112	1060	1832	1142	1399	2086
238	830	109	1110	1036	1313	1553	318	2653	945
741	616	523	600	3756	1237	1146	1052	1440	2055
204	591	485	501	1566	1844	2534	1007	1799	2641
523	714	670	335	797	829	2061	640	3450	1392
879	1177	1053	627	920	0	1672	1825	1235	227
504	1373	419	272	1432	948	2516	418	1798	1260
793	413	986	363	1915	1211	1853	1084	1758	1919
335	353	713	584	832	653	2174	1465	5179	1868
530	266	1140	1100	1422	906	1104	901	1155	1187
474	603	894	807	1566	706	2412	1565	1360	2124
429	203	968	248	1966	777	940	1068	2746	1406
1326	450	608	766	885	902	1696	3503	2380	1348
1117	1448	968	1200	1118	1461	1702	2385	1440	2349
247	126	993	1813	2465	1158	527	1425	918	1746
467	440	253	1928	2407	672	1092	433	1600	1247
560	440	707	352	1322	1259	1676	680	1486	837
316	786	511	103	108	608	1215	1283	1117	2014
902	353	740	729	1174	1121	1042	1659	2267	5494
261	420	905	683	432	2165	214	1811	3575	651
424	519	1494	1318	699	867	731	1072	1574	927
554	645	1049	671	862	108	1328	1476	1542	1076
904	263	429	1441	446	533	2901	574	555	3066
824	495	432	1079	817	958	1804	741	1889	2931
272	626	937	1368	1125	985	1362	2137	1338	2274
187	860	851	922	887	1540	1604	616	644	2753
215	318	554	1399	594	2498	1273	1075	2636	830
1191	689	918	1242	1076	1526	0	1385	1313	2224
355	690	2330	1958	682	700	1244	1427	1180	1469
559	228	974	1090	1494	969	1425	629	1488	1712
529	1576	302	1448	424	1530	1681	1966	2855	2198
708	237	693	1444	1934	770	1658	1035	2136	1441
214	432	611	143	1724	4771	2621	2056	2292	2269
758	1293	542	552	807	651	358	501	1569	1337
363	648	891	822	469	1180	1964	289	1092	1807
364	407	702	1230	989	627	1029	1537	734	1842
220	543	634	2103	3028	1546	1603	1074	1068	860
208	238	813	1868	850	0	1010	1337	1917	1096
332	540	302	543	942	1066	1091	1329	1653	1234
105	429	246	594	1865	1292	2576	1281	2798	3107
491	101	1141	1113	266	623	2587	1013	1407	1496
330	632	323	599	627	1465	423	1153	3148	1927
109	783	740	932	683	1002	760	1151	627	1159
2290	217	1054	598	473	932	515	924	1118	852
479	852	414	690	225	1042	2108	2384	1900	1287
275	1097	667	2583	549	1212	1865	1593	1519	2199
824	461	601	1657	667	935	1160	2022	1529	2462
882	1276	731	918	1406	1777	2603	1770	624	1492
0	391	623	1840	1275	874	212	1654	1375	1044
0	361	126	335	341	1284	1774	2170	1124	7143
609	479	1120	883	523	1140	564	1023	2741	1865
644	844	477	646	1099	1283	985	1394	548	1056
211	931	1429	785	429	1268	346	1356	1246	1231
796	868	794	1139	2361	1358	2152	1411	870	1391
311	324	765	1425	113	0	703	1029	988	709
776	212	684	894	1259	1235	1401	1853	2037	1632
227	708	522	650	1183	1561	1622	1504	1191	1780
526	412	723	990	418	397	1252	758	1830	1584
319	411	331	559	1576	1193	1482	968	1196	1024
212	104	802	425	1336	871	1046	1653	1401	1427
439	215	481	486	237	935	1525	2498	553	1378
0	521	450	1156	1141	0	1851	1578	1087	415
358	988	1114	761	1246	1187	539	910	1251	625
187	665	835	511	1243	529	981	1580	1734	423
390	958	417	3081	696	1806	1085	1566	896	854
187	105	348	519	1460	917	1528	1578	1978	1057
439	1143	1115	1818	1042	1055	2043	446	1476	1237
238	1302	1236	693	1253	1475	2026	566	962	1574
416	656	162	1218	1409	579	1291	544	2607	6013
1131	373	385	553	237	721	1050	2282	411	2253
237	277	879	537	340	558	452	992	1140	1688
217	710	921	955	248	452	1388	1333	1007	878
629	560	311	682	464	0	616	1652	1912	914
210	598	1522	1016	1129	478	1958	1657	717	1648
360	361	1327	885	949	315	488	452	1303	676
381	996	209	329	1105	1330	1517	2276	1448	3120
219	525	325	2579	1420	1233	1254	1474	2055	2145
103	432	1070	913	211	2600	875	639	1177	810
1116	1692	471	212	104	1624	1013	617	723	1163
106	720	750	823	816	359	1862	627	772	1714
414	515	349	640	1269	963	2046	1245	877	1761
592	474	504	1552	1141	1498	1382	3161	1303	227
199	796	380	212	0	1020	709	1567	1746	2299
324	440	1642	926	424	2679	2046	1064	1678	2329
499	441	1615	432	109	712	2012	1650	1217	1141
206	699	1076	758	300	741	1793	1227	1743	2144
106	207	685	1119	422	686	1272	1410	2884	1423
500	841	1586	831	1136	929	1033	2358	2357	934
331	254	105	519	1075	2008	1137	1867	1803	2024
207	452	481	689	312	1415	1892	1153	1343	1745
450	1080	616	1353	302	1647	902	2082	1274	1550
398	348	942	990	907	918	2027	908	2906	1282
392	2590	1095	549	909	2025	1606	233	2854	1518
432	1769	1121	1503	1113	1821	1034	1268	1198	1338
467	354	467	783	1876	760	639	1607	1921	900
780	698	227	793	831	615	1105	3602	748	1329
161	555	771	664	1832	695	1629	1920	632	803
109	707	339	458	915	428	1240	1582	2035	2940
440	1115	508	1118	432	4661	1507	423	2665	2866
357	1176	965	503	862	1750	411	1238	1450	605
546	210	788	522	888	1021	2515	1469	2251	1904
215	643	0	500	910	1909	1610	624	748	1704
0	903	478	207	1636	1757	1260	308	1600	2163
220	610	909	1309	387	536	632	1368	1175	1740
391	205	529	1036	551	3196	1175	1214	1449	808
101	397	243	659	323	1708	1410	1434	2042	1801
411	1135	1162	714	558	1881	1919	1990	1033	1804
432	214	432	454	482	302	1100	1117	3168	867
573	487	210	831	1432	2087	1076	653	1104	209
121	327	1008	516	233	608	536	1454	988	488
102	924	1518	1059	1117	1464	1468	1440	1035	1925
209	806	436	2053	642	1547	1751	738	1522	1298
127	487	765	790	1202	2151	3457	1921	110	2380
581	1933	121	855	708	3609	599	1147	853	2722
326	536	582	220	1149	1239	858	463	1290	1947
410	300	127	441	777	1470	1451	2435	1406	1087
267	823	456	860	1038	635	1875	1500	515	1616
391	776	443	1218	1599	1719	1385	1654	1554	3167
796	407	911	819	737	1184	569	1047	1925	1261
334	772	349	1198	1128	1151	600	2870	275	2580
246	272	105	467	513	1616	1417	385	1596	1110
557	770	1311	1124	933	795	1090	1016	1675	944
579	577	882	747	1299	1395	754	1228	2007	432
544	608	768	936	418	1463	5851	1096	1785	302
248	1264	311	701	1230	2345	1355	945	1437	2151
212	320	1159	1288	779	1848	1900	798	3879	0
312	321	616	819	618	1286	2152	1391	784	3040
148	930	1007	431	668	820	488	2403	1711	1849
226	481	935	908	1007	1333	663	843	1248	1733
363	1478	1022	322	768	1105	1384	1477	1495	1118
573	941	964	310	1149	1241	1045	1877	1983	833
357	555	1044	469	1220	237	712	901	1825	952
675	469	361	1325	738	323	716	1588	1538	2566
366	487	786	558	354	1871	828	1598	3422	2690
579	227	880	567	990	1166	1811	2172	2457	1010
1092	1158	678	307	1227	711	1985	1073	1449	1654
443	667	592	2906	671	608	1661	2200	3193	777
231	1068	1045	1018	888	903	1832	1679	1844	946
284	442	471	448	1445	1263	1329	2838	1764	2092
442	576	2814	1016	1973	1648	870	1496	1310	2836
347	584	950	692	443	1344	1679	956	4176	116
377	331	428	691	856	912	783	2049	2839	751
1617	471	815	988	994	877	1245	1114	2271	1990
450	422	807	1038	834	1081	2244	1372	1758	2053
244	640	304	650	798	530	1464	1438	1163	965
862	564	486	730	1864	1342	798	529	1471	2677
664	309	317	500	781	817	2364	1259	1267	0
215	136	2126	894	819	522	1174	1430	1290	2045
1090	709	842	784	527	890	1295	1034	1730	1209
342	329	792	1118	2621	1245	1171	417	679	2219
654	110	518	533	1534	2111	640	423	2124	1148
220	438	980	449	816	1110	1341	1389	630	1063
105	336	309	891	974	639	1329	1296	1741	2469
812	248	453	355	1648	1110	920	1704	1456	1182
223	587	798	1829	1223	450	749	2364	1104	1793
378	1416	1339	302	788	1132	1408	1883	998	874
0	642	289	1053	357	1045	3178	1392	305	2871
515	944	1054	468	856	1242	581	1026	2565	571
215	2256	472	1037	1321	1269	2056	1048	2349	925
346	1132	1179	928	581	1281	918	1114	2250	1647
499	1201	317	204	1682	416	1202	1151	656	1195
461	433	1666	757	2131	853	449	747	1040	5154
958	449	1093	1632	713	1609	1846	1327	1779	1912
120	560	104	1005	331	1412	844	1403	1163	1969
1045	119	1484	1168	1068	891	1765	1791	1998	2568
378	109	223	211	984	1450	965	324	1719	1097
426	0	409	1125	1778	1795	604	1072	619	1944
112	620	800	1261	536	653	814	883	1427	1633
594	756	1093	574	916	925	1715	929	1111	1545
126	689	515	428	211	1236	4115	1319	1048	1157
1003	695	823	1466	1391	922	1727	2940	1767	2201
560	658	665	1306	1166	962	212	1759	2745	1858
462	650	1284	538	772	666	1640	991	1139	1974
711	968	391	1493	861	879	1189	1927	1378	1565
490	617	217	539	1258	1455	502	1602	1948	1306
742	1516	1234	925	750	610	2263	1076	1141	2312
768	437	539	2333	1040	1733	1295	2566	846	1448
628	500	895	814	1990	697	1384	1242	1583	1640
226	608	625	423	847	1495	1098	1902	832	1582
963	1282	617	1161	955	1356	2039	423	2519	1505
761	1050	1559	546	1662	1933	3446	1307	2371	1460
241	100	101	927	1654	937	518	563	1875	1672
516	582	501	709	1612	1243	1441	2056	1472	1658
447	538	507	561	1230	1595	1771	830	1512	809
856	1421	1342	734	1202	1108	1890	411	3011	1698
581	1335	760	2047	783	857	719	1060	1044	1645
500	534	505	1561	879	1472	894	647	2899	1142
718	464	530	992	1885	2507	2139	1432	1525	104
655	755	567	1193	997	1116	1623	943	1265	317
436	0	446	341	882	1865	646	1077	1422	1373
378	314	1222	572	1568	753	832	1367	1764	1272
750	322	708	1007	591	880	1102	2548	916	1057
143	836	1107	526	1055	868	1306	1316	846	2626
183	555	794	1038	892	1126	1570	756	2111	1802
470	1486	1245	303	1891	1562	223	3317	807	1311
269	1118	677	834	2883	302	1135	881	734	2652
518	0	865	244	937	1670	1180	1344	606	1841
559	612	650	665	1454	2310	695	1435	3115	1883
415	640	107	748	224	957	1523	2678	1999	2059
1276	860	611	1225	863	1919	667	211	1230	210
436	1699	187	517	992	1047	1308	764	858	3633
410	1196	206	311	1695	743	1137	1657	1892	696
331	337	593	720	628	1308	957	1583	726	1620
773	1034	734	2920	212	876	1142	1811	646	3816
187	222	1100	1720	594	609	918	419	1890	578
128	1134	525	795	2184	1626	814	1515	774	2365
648	762	1327	779	1100	0	1344	1665	2514	1118
1049	1550	1097	739	1783	1165	1727	2033	1303	1898
330	601	1516	412	1366	553	692	2033	1474	1043
714	389	1297	996	121	111	1606	733	1454	1340
457	555	323	465	941	1210	1058	1027	2841	1444
446	656	509	535	463	1493	1278	1425	1330	1049
307	400	351	1033	552	838	1532	1600	1103	1859
258	1056	871	984	961	470	2061	1493	3085	804
566	826	577	480	1165	646	834	2293	1641	825
254	240	676	1859	500	555	931	2716	2359	1535
323	442	714	700	1457	818	1998	421	898	2571
761	394	663	479	1100	1310	1600	1562	998	3580
1672	100	219	1930	728	974	2197	4280	1066	1952
211	419	807	611	644	852	1346	1919	1084	0
483	425	1670	807	821	2275	318	1120	1345	1625
339	233	0	1288	1439	508	838	1381	1167	1683
219	577	632	448	842	1126	4735	1991	1615	1128
238	1174	208	439	429	453	3121	1243	1015	2224
196	214	945	0	2280	1653	468	633	555	1232
760	1410	323	926	209	2453	1820	4799	4725	1236
635	995	642	967	1273	1207	944	835	6198	3592
510	428	112	901	1721	706	2345	514	1689	2019
525	223	689	318	1734	2991	5693	1716	1620	830
231	315	687	723	805	639	1576	313	2229	1340
288	1415	439	975	747	511	746	1355	437	2626
602	232	853	1179	364	1772	1304	1114	1465	2535
217	478	965	1763	465	1748	607	2684	662	1298
864	315	215	653	1037	769	1185	1430	1645	641
330	774	105	435	1466	688	1560	2764	2767	1696
197	339	1027	1139	799	1309	1362	2007	828	1635
661	544	586	1998	867	860	4097	596	1424	1230
109	757	1474	653	737	1312	212	642	1444	2220
299	1122	639	894	1070	1192	846	1042	3298	1049
359	881	336	517	1318	1200	1348	1345	2203	3630
205	793	326	328	419	1863	1313	1578	1135	901
635	537	1339	1333	879	724	684	1223	2325	1752
408	721	424	1018	1191	1728	1115	463	1914	2022
551	390	1079	1092	1147	2092	1257	368	823	1544
815	227	107	702	854	713	252	1944	908	2210
720	228	1486	1471	1141	1278	1534	1139	820	642
306	860	1376	223	441	1069	1685	925	1094	2109
104	561	901	352	1353	930	1038	1136	1785	1657
196	567	485	1309	969	451	740	1118	2031	1658
570	363	742	878	907	1261	866	523	2310	5430
832	734	0	1390	1210	903	1450	1123	947	2137
194	566	477	2982	1547	827	1572	591	1368	1508
373	126	1127	886	531	2332	993	1590	1064	1527
451	413	575	1194	249	1246	1656	1219	1161	1815
222	1404	614	715	1299	1217	860	1809	1677	1694
711	610	562	1457	1015	1002	1488	668	733	1247
427	605	1127	524	1346	877	1100	1768	1645	427
707	580	577	417	1672	211	215	1603	1022	1723
1133	579	612	516	1133	210	573	558	1449	1567
894	966	880	310	1436	838	1730	1886	1231	1253
631	214	743	312	654	1450	1595	1766	1875	1236
226	353	283	578	965	1336	737	1083	603	2845
448	736	672	771	688	893	946	2265	1249	2669
854	728	473	711	1115	2924	2087	2121	1098	2860
441	1341	789	263	832	476	556	715	1363	2515
272	248	379	797	1251	973	289	1241	1427	4979
452	536	455	833	1807	1419	342	759	1553	1781
624	548	449	700	1777	315	1149	2568	2925	1651
769	548	210	558	1292	1044	4773	919	1547	1343
286	546	446	849	2695	1530	1663	1121	803	1454
567	763	1961	313	914	1997	1048	1102	985	3072
1004	343	746	815	1364	1993	3851	578	1924	324
675	513	643	1004	1209	1339	1096	1329	1609	302
406	1015	1832	807	862	208	708	852	832	2035
105	736	131	1343	1367	414	973	964	1653	1258
113	676	1015	1156	1055	787	1504	971	1424	1243
536	2278	410	764	603	895	1162	962	522	1709
411	1589	444	886	660	1366	2596	463	714	819
706	712	457	951	1243	776	1513	1441	1234	923
281	386	2231	211	2522	783	1122	1885	591	2375
222	322	1981	977	987	1501	814	1074	1149	793
148	413	413	767	713	1275	4410	822	995	1768
667	860	628	711	1645	746	1519	1517	1523	1364
429	936	1519	1491	415	1052	2000	1294	1201	768
351	547	770	1864	747	1023	1033	3066	1601	1407
131	772	1610	582	465	725	416	519	761	2013
607	574	541	1622	988	108	972	794	1214	936
246	271	1633	996	823	455	1537	1301	3590	1214
779	211	844	1769	1118	1067	1427	1437	2146	1024
107	207	528	1083	1000	346	1160	1190	959	3545
101	587	834	1638	670	716	1645	889	3118	2072
409	1345	717	631	318	1347	1440	1489	1804	2496
536	433	788	1826	575	975	1384	2376	2003	1729
232	708	750	266	1387	110	910	1240	1013	1516
526	111	541	417	1207	1073	1307	1279	2098	991
211	355	1163	528	901	542	1344	711	313	1273
387	214	1005	1646	2300	928	1456	1029	1091	671
829	534	619	1314	1008	1576	1652	2990	1762	1778
324	555	800	1174	116	1161	314	975	676	1930
392	1498	956	1048	1081	1829	1713	1470	968	7091
377	226	579	1261	895	635	2474	1476	984	1521
987	227	1564	109	227	619	1386	641	1542	1886
210	335	234	414	3013	509	1455	1606	998	1751
217	564	589	1312	651	2075	1269	1251	1142	694
209	721	525	1238	1666	1426	1012	1271	1463	1266
457	961	0	640	1451	608	1300	1117	1255	1253
233	508	350	215	233	1002	3560	2389	678	837
220	668	248	541	1870	571	2029	1406	1986	5838
676	711	478	787	798	1285	1550	3036	1995	1008
968	353	890	443	1192	753	318	552	655	2286
365	905	860	389	965	4678	1162	783	1229	825
216	825	713	665	568	719	1307	3015	836	1514
1210	205	887	741	653	2406	1796	1182	1360	2433
976	576	1017	302	907	1428	2870	921	5377	2017
263	835	302	952	1028	549	2098	2056	1254	2572
324	628	1184	712	110	1405	552	1005	4560	1053
569	445	697	101	1206	1274	1244	1419	1006	2376
289	325	483	112	795	1129	1137	1464	1555	1436
413	0	429	587	617	1780	2317	1165	1938	2908
216	767	576	469	1490	921	793	1866	2265	1314
371	714	302	1462	1062	1124	527	1359	1066	2493
235	1018	352	1137	444	1963	1462	984	3262	1362
272	573	1392	1057	503	341	1213	1482	1356	1009
241	469	116	2111	427	1096	846	2098	421	1503
341	496	521	432	950	1809	1535	1271	1511	1612
0	717	317	939	1540	1230	1200	1156	539	1101
423	213	455	823	302	797	1867	1611	1567	693
196	131	535	1330	635	754	988	991	1169	1903
108	352	534	952	838	901	761	745	1170	2541
623	669	452	521	422	1699	1412	1308	3056	2334
1150	912	1313	1513	1522	1118	695	1343	2121	2066
339	1660	322	1025	711	799	945	1038	1155	415
778	322	1173	1237	289	1904	574	1144	2535	3069
634	690	313	472	1653	1109	1501	1001	1453	2636
418	0	1246	1346	913	663	1562	1598	2214	1442
111	639	659	1411	1592	618	1180	686	445	1165
0	575	814	687	622	1029	1685	3030	637	929
362	325	525	1306	4341	1110	1416	372	2618	2198
255	1214	560	308	1098	887	690	2618	216	2034
342	557	1563	792	2129	1824	579	744	1256	1538
309	1344	1039	889	1113	1596	1026	1930	1173	2087
105	450	2394	468	1602	1042	1228	2183	1147	1179
572	218	1618	2155	1846	1882	1846	800	1140	1212
595	541	759	560	1113	1009	1139	770	828	1630
337	415	1152	872	737	1187	1346	2420	2202	419
109	808	1853	873	2288	1640	1152	961	5184	942
737	467	583	440	1432	1782	604	1022	1224	3778
805	917	2003	787	1008	357	1505	1443	1117	1563
511	885	893	882	1191	935	968	1227	998	864
500	1167	537	747	648	879	1848	770	760	1234
869	104	321	488	2793	1247	1833	1449	1596	1377
104	537	1533	1386	943	1106	574	2774	806	104
107	869	1013	1994	1260	1644	340	2024	2024	706
999	216	1269	653	1078	788	513	1252	2074	2439
731	774	622	1091	1459	208	2009	2165	1582	5656
114	828	248	500	2796	1491	1419	2587	355	1133
103	590	330	1344	933	862	528	1428	737	1011
608	1390	1316	488	1373	797	1212	1629	1249	2460
863	1459	660	668	593	1463	619	4834	806	1598
130	673	711	1833	1675	1535	1531	1628	1296	2909
501	531	1202	1299	1330	4672	2510	2715	1532	1440
713	1549	967	712	415	1266	2193	1082	2725	438
0	1825	681	538	825	962	1182	1397	2418	1365
1166	109	416	1248	316	1074	698	3326	1110	1271
219	873	232	1423	1283	964	423	1070	2624	1678
599	975	567	698	1059	1001	1940	2055	112	6245
417	1147	2479	1306	187	1419	778	1082	1264	2443
0	778	445	1623	1285	1804	781	1132	1713	3034
841	477	1001	413	1432	422	596	764	732	1081
585	621	1280	413	964	562	907	1719	1300	539
480	425	748	1016	1002	783	249	4357	1007	498
223	472	1092	894	1668	1240	1121	991	1211	3053
199	382	112	906	586	1100	1196	1777	765	1264
203	443	953	869	744	1409	837	925	982	663
127	564	1108	678	2310	2309	1396	1411	927	219
220	233	770	1225	109	1467	895	1283	842	2166
1019	955	553	461	960	993	565	3925	2047	934
894	749	756	1085	424	105	1980	712	981	6043
535	1288	476	774	4024	1655	1151	1815	419	835
103	338	879	513	1799	1390	1979	3080	1749	1566
535	1415	1054	1674	439	1769	1316	819	1840	1838
321	473	1054	411	748	4078	335	121	1619	2314
346	732	638	628	1094	1354	1698	1809	633	1035
1228	561	642	1291	882	626	1486	961	1628	867
946	1177	449	219	1062	931	605	1838	1432	4676
1012	901	683	755	1539	1367	2705	1505	1813	731
640	1063	1822	1509	919	586	1486	2735	888	1612
1094	0	828	1215	1382	821	1747	3311	2919	1376
394	428	1000	649	1786	1316	1384	768	7100	1703
335	211	1213	714	2700	1294	1535	1613	2834	5500
954	685	353	1473	1640	1038	1783	1907	1291	1451
616	333	1183	1158	2210	1269	729	1332	1092	2679
207	626	665	657	767	1510	818	1707	1336	1693
646	119	243	785	981	1456	1772	1006	1753	1379
103	416	528	1203	622	4795	754	991	2148	1327
222	241	1626	432	782	1007	1759	1282	1284	3008
342	545	975	885	658	744	1308	1228	1760	840
586	343	1178	1394	677	949	2180	434	1409	1448
328	618	911	592	669	432	2928	2212	410	4146
323	1432	763	813	955	1690	1384	1238	2934	1179
899	610	1059	126	1982	1128	2005	1299	837	670
348	214	460	590	1989	631	849	892	1357	707
390	328	0	795	653	1570	903	1757	1224	2073
1192	116	561	744	1877	2197	1123	3048	1795	1076
442	806	318	808	1099	1391	1414	1645	1083	2462
196	824	1017	708	681	1272	1658	1716	709	728
625	667	1150	919	954	1740	1863	1617	1695	1900
802	591	429	496	914	1369	896	2188	2961	1521
370	462	212	1431	1449	685	1336	736	1065	1527
218	450	730	1747	1777	108	1303	1074	1245	541
739	1265	419	1001	1965	800	714	2441	3810	1323
606	849	1295	954	410	1092	943	401	1416	1152
586	689	898	989	740	1252	1485	4013	1794	1102
493	217	920	1680	1149	1422	518	1177	653	535
122	518	111	1354	795	600	1151	1634	446	1306
104	360	237	767	884	1363	1528	1293	745	108
599	955	797	763	809	1325	319	1809	1010	924
121	492	585	948	1344	1293	1852	1450	2825	967
208	651	725	770	1752	1249	880	1414	1827	943
0	3604	665	830	698	852	1376	1450	719	2720
148	444	579	774	1214	987	1523	2677	1433	1887
2085	422	1138	779	696	849	1131	5749	1880	885
324	463	1112	881	1380	1303	1550	1331	1029	2651
272	272	228	1215	1087	668	347	965	706	1521
268	104	1361	740	319	1056	1529	521	4152	1869
103	210	979	205	1321	437	1501	211	1328	1626
720	224	976	1062	1506	220	1154	1389	227	865
418	696	645	517	1284	2050	1775	1283	2195	1098
557	2369	567	976	227	1546	1280	546	1399	2134
347	447	1671	1235	1695	782	784	1122	608	1257
691	1162	329	843	463	876	1789	1393	1732	1302
308	323	561	1061	1037	1297	590	736	1556	1335
903	724	1247	291	1375	2397	1323	752	1368	3077
345	308	1127	616	1223	957	1037	704	108	4923
230	695	550	789	1655	1422	1290	2228	1129	1218
456	1009	818	727	1124	1248	4132	1049	2254	1092
101	851	312	248	735	488	4267	3213	1441	1596
355	523	815	1214	1705	2627	427	770	1782	1305
432	1655	1036	783	772	2386	1427	1213	1850	657
313	1296	498	247	759	2783	1411	991	515	751
609	445	1048	689	620	925	3214	2559	641	1762
108	223	234	724	826	1038	1255	1719	3038	1642
812	415	1225	1379	2217	1052	1112	1834	1520	368
862	739	318	729	918	1417	1233	1246	2140	940
316	625	217	974	1488	3071	1382	1157	838	2296
446	919	1307	1058	275	566	1255	1794	1995	0
990	572	217	1349	1464	420	885	2574	3029	1912
1458	450	1309	745	656	2522	1468	1457	925	630
425	695	453	1149	1675	944	1829	0	1228	1617
110	632	431	533	209	999	1232	905	1176	1273
305	744	667	1076	975	1028	1909	880	1329	1598
686	466	1023	1592	898	105	1256	528	1566	1706
540	508	746	695	1050	942	1447	723	933	1069
136	455	1121	869	647	505	1046	2203	0	2144
354	1125	0	728	446	1096	714	539	1057	595
325	462	143	898	1214	938	1271	2284	1733	1761
572	329	1121	647	542	1190	1511	1327	1060	2950
354	417	311	650	561	725	949	1805	1673	956
105	105	502	1242	530	577	1206	1629	2335	2302
428	421	653	758	622	2277	650	1551	937	3966
554	213	558	1008	1406	996	632	1954	2087	558
652	115	813	519	318	1598	1665	123	1034	1802
220	1346	208	834	1017	321	1209	445	826	463
689	1012	214	1703	685	1187	1690	1251	410	940
771	529	2011	822	1095	2183	1613	4058	2082	1963
449	542	1435	424	592	1917	937	714	1452	2735
1034	386	887	560	1371	908	1583	1792	1445	1402
351	318	624	762	448	1194	1662	692	1791	465
169	225	1632	212	994	2199	1216	1484	691	2715
850	1049	636	935	1766	739	1898	742	1423	1013
412	119	503	1426	860	950	1519	1042	2098	1153
206	467	1132	104	970	2297	331	1359	4098	1825
221	344	447	564	143	992	538	1348	2259	2536
1349	894	737	486	1336	1193	240	3306	1835	2230
313	611	1197	892	840	1123	1044	2859	1981	3056
361	325	1010	941	1438	1160	1474	1697	2480	1906
324	751	907	1401	1405	545	1412	2387	1460	725
714	738	510	1013	981	772	1156	617	2382	2262
681	231	668	561	839	1894	1262	808	2483	1443
1134	463	955	857	985	459	1552	1427	1242	499
1027	484	1521	990	1950	1147	1103	1886	359	2137
230	927	984	2172	1329	1268	1481	1147	1955	2550
111	929	1923	563	882	1097	414	1060	101	1015
112	362	1004	545	1506	798	1723	735	1676	2162
371	500	506	1248	392	2681	1406	728	1261	430
103	315	852	946	1466	440	1497	1686	2631	2901
497	718	508	583	1416	1078	1031	529	599	2322
738	646	651	716	1249	1681	639	1691	1163	1451
240	848	515	1143	923	2405	1304	1335	1610	2006
340	536	1059	1016	882	2630	803	3377	1033	3389
623	1276	820	722	1446	533	969	550	998	2532
331	449	450	1340	524	1576	1038	2101	1116	1357
310	943	1286	1230	1422	549	1976	3224	1551	918
255	540	306	1887	1018	1555	1213	885	2393	1417
328	232	555	343	1400	1425	721	1365	844	934
