0.1 percent	0.2 percent	0.3 percent	0.4 percent	0.5 percent	0.6 percent	0.7 percent	0.8 percent	0.9 percent	1 percent
476	1944	2879	4259	6774	4185	4945	4404	11082	11550
1436	3743	2258	3624	5259	12539	4926	4729	9308	11188
2004	2246	3033	2177	6332	3894	10146	6896	7053	4900
1644	1568	2268	2320	10691	4820	7532	6707	8181	6683
993	2365	2939	6569	2055	6649	4281	5883	8316	9886
1089	1860	1303	105	2914	2568	15783	5867	9002	5535
1324	1855	983	5309	4385	9672	3437	6299	8155	9992
1114	1347	9200	5419	2977	20895	2003	3997	14291	5224
2092	2065	945	5588	3423	5616	5435	3240	5368	6905
2668	1126	3535	2195	15555	4143	8348	7078	6519	6249
2155	1859	2657	6229	5512	6598	2938	7692	7376	6146
2084	859	1076	1879	3765	1969	4994	5166	11244	3112
2020	3341	2784	5191	6029	5082	3882	33284	6889	5916
525	1160	1344	2023	6116	4817	9006	7145	4801	8539
1585	674	2491	4168	8129	4058	6491	3951	4641	7059
1075	3397	1600	5218	5454	5198	2449	9309	3344	14685
1394	1596	4793	2713	4450	2790	6802	12782	5604	14629
1034	1784	3395	2446	1956	3135	4385	12018	5406	7915
1102	2995	2398	2336	5211	4825	6824	8105	8424	4542
1966	1718	3369	3081	6064	3092	5132	12472	8401	7023
745	674	4413	3442	2545	1694	5140	2911	26484	12821
1075	1474	2060	3554	2435	4210	4454	4388	8568	6853
1767	898	3167	5834	5060	3607	8519	9394	7187	4916
670	2931	1961	20494	6298	6348	9387	6843	12863	4460
1110	1245	3778	15436	5464	9300	4147	15964	7988	9241
102	7737	1909	1488	2366	7142	7356	6447	18595	5096
4007	1810	4543	1830	7065	6346	8319	13648	2914	11742
1926	3198	2891	5871	4082	7707	8493	3082	6949	10799
865	699	5233	1202	12279	11225	7055	6597	10763	14235
882	2311	1220	3211	5294	5990	7445	23814	16868	5516
504	2239	2637	4271	6009	3134	2229	3534	4786	11308
1374	2127	2164	5511	4048	2037	13136	8703	6097	7066
4339	995	3532	4350	3201	5860	4089	13113	2739	6020
599	2535	4367	2050	18289	6159	5866	5716	2529	10874
364	1413	1055	4117	1689	5558	13351	6412	20934	25645
1384	1581	2272	3947	3323	2345	4870	22996	8574	7326
743	4871	2267	6980	4603	5743	3804	7028	8668	26184
883	3022	2506	2548	3512	1540	8770	10739	5675	13021
554	1736	2280	3554	6529	3821	5133	6017	8450	2777
1196	4143	2852	1591	3254	3990	9440	3736	3680	7343
635	1044	4172	4451	2444	4590	9944	7485	4355	6205
856	1924	8680	1624	4276	3813	15506	7926	8373	15177
3069	2571	1063	2879	6077	6742	7357	3640	6197	10238
674	3559	2532	2641	4097	6926	5315	4615	3971	11003
1318	725	3576	1214	5231	7392	4579	17700	4583	8980
370	2649	1868	6191	4261	6388	2085	4444	6432	4556
822	2602	4737	3497	5811	2017	15395	4619	8377	14764
207	2063	2890	4969	5238	6307	3864	7630	6013	10104
953	2863	2956	15450	4778	8992	2177	5481	10239	9761
2486	2791	3913	1075	4906	5643	8280	3119	8537	11612
2542	1330	2874	1297	3692	4955	6740	4921	7467	8822
4903	1000	2225	3665	3816	6148	4619	5211	5810	11035
253	2571	2549	5659	6439	10978	2808	10234	4094	10275
1770	1070	2049	3844	3811	6025	4827	4265	6138	8597
1233	2201	6724	5778	8580	5506	5008	5398	9150	10133
919	2205	2708	2610	5976	1833	5245	5496	6647	7067
598	2803	2275	2288	2760	4617	2439	6625	11310	4752
1358	2613	3345	2129	7280	5809	5949	3457	6245	8866
1549	1597	2040	2252	1993	5145	5863	9326	5165	8935
1584	1333	4383	5710	7603	5364	4776	7779	7410	4081
1593	3067	1925	2486	2928	3652	5952	7902	8896	3972
5447	1451	1134	1830	5231	4114	4164	8228	3895	7721
1421	1631	3911	2765	10068	5473	3129	5886	6646	7938
3299	1652	6210	2775	5066	6054	2464	4468	7893	7272
1135	1861	2615	3159	1836	15514	3676	7489	12313	4096
1133	2197	3355	3657	3973	5482	16900	3216	20693	7381
925	2227	3994	1608	5848	5677	7672	18187	6078	10052
1116	1205	2673	1020	4416	3669	4645	8473	34894	3313
1166	1560	3390	2448	6301	2717	4958	18207	5070	8824
2337	4775	2540	2788	7684	171	10030	5654	3137	10113
1337	2387	5162	7344	5010	6731	4624	6211	3495	6796
349	1381	2676	1329	4649	6666	3352	5198	5581	5144
1807	2476	4680	3587	5660	10008	5335	7143	11547	7867
3410	1020	1135	3737	3375	6398	8289	4323	12296	6620
1253	2311	5679	4761	5736	9120	5777	4230	6126	7598
1547	3390	2025	2175	3336	6826	13957	7685	7944	5086
1146	1735	2934	5695	2632	7247	1993	5890	9709	4997
894	3079	3250	5238	4539	8369	8935	10417	10957	22157
2050	2748	4408	3457	1572	4601	8650	6286	13303	10605
678	1965	2996	7115	4314	7628	5883	9351	11572	9696
704	2988	2194	2702	6338	5778	3797	5466	9233	9286
646	3927	4090	5927	5515	4360	6703	12583	4247	12179
138	2509	1026	1093	5813	6865	7941	4563	11168	5967
1600	2841	1927	3557	3183	8861	3624	9676	3921	9621
1300	1541	3306	5171	4870	2848	5995	7886	15009	9252
569	1323	4065	1850	11702	3334	8863	3918	7884	10433
1042	1498	1696	9634	3356	6058	5636	2921	8321	10158
1100	2354	2376	2388	2777	4012	8058	2994	7705	8233
1134	5812	3549	4084	1977	5425	3195	5017	4394	25636
1335	343	4373	4872	5562	2777	2134	9651	7630	9449
674	3598	4075	3355	6594	5793	4754	2775	5660	8832
448	3973	3804	9094	9030	5665	6247	8809	2585	9581
3655	2849	1042	3045	10699	2706	4185	16330	2611	9662
1040	2162	3525	3237	7048	5943	2393	5294	5932	4970
1353	2017	2070	2065	7725	5662	3231	7876	12946	4750
1136	1855	3503	4401	5730	5126	4231	7526	6407	7087
229	2192	9795	2871	3340	8123	4571	10690	6292	8246
543	2750	994	2693	4879	1432	3007	7660	5835	7441
2247	794	951	2778	4409	2622	4040	7885	7065	7427
1823	1941	2283	4690	3628	6141	7582	5348	3250	10995
1915	2785	3447	4239	21726	6431	6152	6161	19247	13474
2018	1325	1464	3026	1562	5952	5318	6305	11347	5071
0	569	4616	5044	5961	6998	7392	6663	10179	8771
1638	1483	5581	5889	279	6316	7069	6780	11600	5840
1387	1556	2663	2847	6878	19048	6082	9658	4582	11126
1978	1330	1916	2637	4800	6846	4619	7183	7047	10415
1141	1031	4964	2530	3801	7779	3159	7368	4182	10671
1480	2822	1886	4442	3965	9168	3051	7942	12417	6915
536	1700	751	1873	4389	9061	6523	6887	7124	27555
3190	4108	2151	3450	1962	6041	8162	5190	4385	3706
688	1986	3078	6478	4820	2766	9564	9830	6027	5170
2017	4164	3620	5066	7509	5441	5856	3976	3143	4767
1060	3231	2344	3556	7810	4154	5679	6329	4996	9291
3400	1602	3156	4913	1762	7246	6580	3110	4383	23847
1328	587	3038	3173	7085	4918	4644	6094	5305	2924
1416	3226	3577	5857	1732	6016	4847	11730	8103	9194
1024	2350	1907	5475	11725	2493	9135	7864	6045	8924
698	1612	1767	2033	2567	6058	2890	13262	3487	5423
1566	1299	1832	4054	4266	5858	7108	4505	7685	4493
1834	1762	6645	2742	3203	3480	7170	4865	9402	4219
633	1721	1473	2764	1421	5316	5716	5701	11263	5749
2183	1888	2351	2598	1053	3256	6500	5228	9758	10359
463	2521	2611	3130	2815	3744	6545	8601	11575	10378
742	1765	1907	3568	4144	1902	7668	9104	5424	3870
475	1604	9937	5048	3019	3511	6642	13116	7581	6322
1146	2389	3171	2501	2659	3180	6164	4082	11980	9736
1497	1707	2520	3044	5834	5075	7457	4452	7296	8772
1685	6469	1660	2968	3073	5507	5113	8167	8134	27555
1399	2651	1636	12829	5061	5142	3946	5816	7383	8205
519	1715	674	3795	6674	4544	6253	8713	7478	11948
2753	2597	4746	1630	3523	2708	8160	6371	10856	6507
1074	2517	1837	2324	11219	6980	6389	7808	5657	11906
1290	425	1448	3034	1780	3422	4603	8072	21885	28764
1433	2184	3048	5656	7463	5682	5755	4656	7907	4242
1684	3591	2585	3299	6743	3586	4560	3679	11665	3755
1544	3699	1497	3524	5252	4592	8004	10525	3790	9489
1649	1235	3832	3968	3390	9155	5417	10050	8812	5524
1240	1687	2167	1508	4752	5205	5908	8625	3450	7627
1860	2034	4916	2125	6028	12694	6428	4402	5775	3881
1039	1945	1814	5609	3027	5900	5390	6504	10808	24525
1180	2255	2891	2382	3126	3933	7457	6754	5452	6260
981	467	4304	5222	4597	6803	4623	8560	9050	9424
973	2281	2838	7225	6589	5427	5210	7336	7837	26557
1748	2117	1709	4512	1459	2478	3933	8772	6335	3007
427	2628	2684	4610	2167	5329	6926	10007	11126	6673
1926	2235	3242	2016	2347	3046	5414	5623	9153	30988
1879	3288	2557	2505	5538	6915	4168	5751	7010	20955
1060	849	1701	3642	5876	3543	7969	8148	10706	10256
1141	2337	2079	3273	2327	8223	8046	6081	10319	26116
1349	2442	1675	3475	3157	7196	2719	8599	3165	10298
2228	1301	2236	5839	5810	4491	3382	6716	5766	11649
2152	784	6041	3623	12089	8937	8507	3327	5314	6862
3074	2605	5163	2770	6721	2130	14091	3818	13524	15830
1039	1200	6800	3659	1543	5302	7398	9913	8433	5194
2937	2414	1706	5504	4102	7064	2636	10065	6023	8242
412	2874	2914	4140	14231	5328	4017	4849	9161	5035
1079	1272	1748	5715	4644	6964	6044	5831	6151	8612
1279	4931	4314	5208	3158	4373	3699	8201	10913	7297
1254	1736	1188	4481	5813	7614	3804	15116	5976	8185
1013	4844	6963	6437	4783	2977	6142	9203	6120	3111
3038	2410	7219	5419	4300	4319	6797	8921	8792	4636
2902	2468	2094	3181	6366	4015	6501	5277	3295	5220
2127	2745	2466	6157	2555	6837	7031	4788	6003	6195
916	2861	1749	4359	6957	6690	2441	4000	6589	3629
375	1881	4337	1406	4157	2675	12343	6453	10807	7229
1431	795	4083	2842	4292	3949	6951	9004	8711	8565
2145	2522	2622	1634	5271	15076	5473	7335	6064	4763
3055	1277	3303	4447	6235	8290	5212	5060	4572	5035
658	1929	2927	6230	2214	8007	6764	6010	5579	4504
2985	2715	1061	363	5856	5109	10244	3557	6765	17041
1332	2209	2250	3420	3230	4123	8631	4408	6523	3141
276	786	4490	2927	6060	5699	6719	5055	276	9433
794	2371	4118	5494	6139	11479	5523	14607	8252	5347
1509	2124	2243	3627	4901	5154	7065	7253	6009	9752
1134	2454	4171	4425	2999	13483	5621	7713	2857	6304
2139	1266	1132	5850	2806	3263	9323	3378	6579	8688
3289	2049	2991	3162	5888	5612	9755	8163	9070	12628
896	2196	4946	6212	7506	3005	1425	5737	3841	6170
2130	873	2773	1598	7229	6520	5669	5667	3524	7401
5076	3491	3462	1487	3664	3298	4391	5376	3382	16297
1003	1323	3779	8444	6289	3898	9688	10194	11229	9508
931	397	2062	925	3999	8098	10324	2582	8579	8361
689	4278	674	2130	4436	4953	2704	6394	7346	2464
1373	1590	1141	2770	8624	4069	1015	7858	9682	8941
1297	62	2971	2593	3932	12075	9621	10921	8335	3176
702	1780	3702	1976	1649	4531	9254	5725	10735	24968
792	1042	1614	5727	7963	4259	3501	6655	7579	10643
1584	1381	3919	4637	6632	4695	3117	6936	7282	8645
845	3672	6205	3425	6290	4778	5051	7945	9191	8760
2196	1797	1968	3340	2074	5462	5954	3724	14703	10455
1270	3055	1722	5281	3766	3355	7129	2989	12598	4836
1332	2867	4153	5581	3677	3759	3854	6597	3848	7338
1380	3069	2630	1567	4778	6247	3048	5229	8372	8329
104	425	1974	3560	3948	3318	3269	5287	7525	7189
358	840	1203	3038	5899	3066	4078	5372	5502	8175
1506	1777	1368	1340	4761	6101	5229	7921	11966	21901
790	769	1852	1865	6059	4392	10105	5153	9730	4012
1221	2443	4466	2822	2714	5960	8561	8372	7512	8032
1499	2777	1170	4703	4318	9814	2253	4569	2931	10174
873	1738	3222	9944	1742	5039	4188	5460	7097	10570
846	1525	7668	1433	3986	4444	3649	11011	10480	7757
119	2880	2168	3487	6332	2952	7223	5784	12293	8565
774	8849	596	1989	4046	4943	7605	5901	14675	14424
1705	1792	3911	5142	3330	3686	6100	7420	6532	3811
1882	4163	726	2956	5046	6905	4301	9580	4456	7665
1069	471	1059	2649	5578	4905	6219	9959	10192	6011
1875	2444	2289	1102	7668	7312	3299	12915	9545	7717
1100	3729	2103	8498	1201	2693	15715	6083	7649	9104
987	2209	2409	1440	4303	6757	5679	4648	8052	5814
2358	1296	1712	3749	3351	7676	3522	7256	14595	7052
2123	2486	2114	3956	2218	4202	4678	4078	6535	24858
750	553	9615	2150	2923	6232	4188	7686	7513	9540
1632	2560	4174	9698	3106	6091	10048	5574	4099	12542
1568	770	4895	1597	8359	7980	2393	6006	3528	7120
1556	3878	2753	3156	1977	3119	5857	12264	5368	7342
5039	1062	2870	2344	5602	4964	5522	12374	8926	6161
2117	1988	1022	4739	14053	6171	3345	5525	3778	8309
787	905	2994	2774	4381	3860	3418	5111	9140	4089
300	2944	3533	5682	8591	3917	5063	8540	23260	9954
1127	1570	2206	3545	4719	8526	8266	3835	4271	7831
1913	1107	1500	4339	3409	8285	12968	9495	17176	5794
2353	8023	3626	1790	5225	4497	5415	8455	5186	8416
1315	2353	2926	1794	1726	7310	5140	8507	3283	6820
1097	6686	3948	5025	5244	2386	22281	11783	3095	6566
913	1544	624	5141	16584	3439	7402	7832	16505	4460
1988	663	275	1818	1363	9032	6090	10944	8926	5552
1602	1749	1870	2842	2366	4380	4396	4561	7029	8909
533	2185	3738	2331	15961	4012	4404	8023	3008	5902
1447	1606	3328	2189	1392	6095	5725	7264	7458	9863
1261	2438	0	3306	2368	5833	11248	3041	5741	7005
382	1451	1000	4091	1843	3477	2462	4197	11254	16131
1782	3154	2873	5097	2282	6754	7755	8539	7069	7864
1246	656	2394	3893	4963	5833	6081	6920	10374	6265
1350	3475	3645	3219	1103	3950	7480	5002	10913	7514
702	2680	2817	3721	7424	2896	5147	6838	6276	9724
1023	2056	3468	1975	2521	18893	6380	6768	5850	5245
1463	1050	3953	6815	3403	4302	2964	5860	7908	10175
861	1102	2342	3297	3776	4618	10227	5575	9446	7756
1223	1301	2269	1628	3603	3360	2873	18643	8915	10527
469	4069	3457	4142	2637	3101	5110	6833	6523	12331
1036	1815	4291	2295	2575	4022	9251	5612	8399	4366
803	0	3307	14704	2803	2682	6595	9298	7761	3916
1886	1692	1821	4203	3375	5702	14577	7406	6048	9496
2360	6267	4160	4052	2772	4595	3677	9567	2704	5669
1945	2270	2215	2982	16960	7656	7836	8294	10756	8781
1984	1574	5045	2122	10683	10623	6838	6389	10020	9147
525	3621	2190	4322	13855	3316	3830	6168	7083	2248
1614	1521	4012	5060	5897	4892	3216	8946	3578	10213
4826	1808	2745	2808	4871	6920	5485	6243	8166	7533
1820	940	1632	3463	3582	7078	13963	15929	7732	9454
566	1628	4542	3473	5163	3612	5198	2634	5871	6994
1494	1304	3328	2428	2126	8467	9492	3959	13095	10849
211	2132	2170	3597	3234	5237	4069	6385	6910	7634
1515	7839	3570	1457	4620	1636	4125	9084	5774	4805
471	1468	3651	5246	5366	15589	5801	8107	24644	5754
978	1305	2921	4868	6239	5394	2826	13584	2854	4759
678	1778	5163	2409	3270	4394	6761	6316	5360	16903
1248	3184	1777	7107	6364	3988	3524	5443	10129	11964
653	7619	4153	5834	5703	3677	10372	4795	6010	10861
1023	2857	3393	1938	3713	10326	4841	4862	12783	12955
1578	2074	11407	3948	4114	4268	7162	4025	4623	5448
1008	3777	2162	4094	4940	7688	9103	4874	17039	3467
4596	237	1232	4879	4828	6089	5935	10177	3093	7871
1622	2413	3858	3603	3863	4842	9520	5339	5376	5293
1030	1825	1196	5528	3525	6080	3921	7049	8709	10779
1045	3046	1945	1952	6607	4552	4753	20327	6598	8143
719	3432	1194	4250	3016	2223	5365	8063	6158	3060
1001	1520	1491	1862	4053	3791	10660	4561	7852	8428
2912	2285	3403	4549	5827	2083	7440	7065	7081	4797
871	1226	2213	4455	2291	8098	6813	7733	4938	5866
1087	1172	3568	2036	1147	5214	2771	5864	7938	9125
1165	7939	7254	3162	12000	4433	3934	3220	6998	8072
779	868	3221	1877	6217	7586	2597	5189	5933	2767
1164	1220	2572	2130	5239	2936	5547	3769	7581	8002
939	3445	10697	2351	3429	3861	6379	4509	6704	7298
2351	1628	3490	2200	3654	4056	2682	8834	7727	10266
1107	1360	2856	2539	4798	2542	14746	6422	10745	8505
2578	2906	8539	2765	3861	2996	7072	8430	12022	7956
2354	924	7714	8263	5649	6974	9202	7269	7909	9164
0	2277	4557	7275	2950	3313	7237	15611	8212	12542
2816	3507	3252	2738	5935	6801	4960	4222	8042	7325
945	3763	2871	5323	6322	4006	7147	3957	10266	9055
1570	646	3435	4269	3178	4151	6582	2187	4633	3810
1960	2437	2045	3776	5827	3771	13711	7785	9307	9610
2108	2850	4729	4893	1812	6334	6133	5187	26742	11417
1185	2187	3387	1566	4383	6376	4801	11496	4715	11409
1246	2579	4778	3213	7055	7189	5365	2733	6922	16647
1074	1538	3014	3006	2623	4462	6286	3352	11547	6501
1202	2401	3138	3579	3054	3756	5070	3924	7837	6541
62	2044	2474	7972	4917	6306	5611	8628	8603	9995
1154	2019	2688	4403	3391	6183	4953	3150	3811	18469
445	1227	2037	3115	2237	4278	14562	8622	5833	2647
842	2320	2429	3830	4522	4471	4827	3295	2685	5538
1103	1145	3296	1288	6662	7458	4401	20366	7401	8116
542	2949	3454	15496	4400	3073	11668	6690	6492	4255
1270	2400	6525	4634	6529	3265	5830	5458	7678	3557
1849	2211	1727	1175	4285	3344	3467	10327	6493	7444
706	2932	2677	17761	3707	1992	6181	5218	7612	4770
1143	1608	5263	8522	4769	7081	6261	14037	10706	23043
1236	474	1249	1972	7425	5675	10050	14179	5587	6289
1313	1818	4194	1386	4049	6321	5370	14093	10675	12745
2171	2291	1119	5165	5847	4342	8810	10222	3449	4073
1242	2868	2996	3001	16592	5417	6010	7340	7199	6534
3566	2705	4923	3261	5737	6717	1820	5747	7409	5898
1184	3045	2570	18449	4688	5947	2030	5453	8042	12557
582	3682	1637	3600	3866	4805	5171	5271	6239	4472
798	3059	1572	2489	2851	5602	9595	7766	6482	14858
2057	2442	1417	1063	5150	5106	5906	2663	4502	8102
1199	3052	2528	6240	1712	6931	10313	2864	2917	9665
1049	4034	3563	3176	4059	4963	7367	8713	8954	4703
1242	2389	2539	4163	3027	5911	4709	4120	5683	3151
3997	1511	2853	2909	5291	5804	25611	12010	6961	12312
4785	761	2237	1264	2704	3622	4625	12464	19506	8458
1222	1144	2836	3198	7564	2613	7305	5692	8794	5448
1175	2399	1113	3884	5695	4439	5558	12878	5110	2579
1287	2244	2165	2424	7456	1908	8115	9884	11989	7232
1964	7926	2122	5586	7021	5498	5828	4280	7442	3766
680	4330	3815	11309	4916	7108	6198	5422	9040	7117
986	2708	2433	1261	4012	8882	3391	4357	11474	8996
1836	781	3064	4044	8195	3048	11760	3853	4004	16191
617	500	3258	1767	1849	4872	4257	6586	11248	11526
1171	1645	3810	8176	6282	4459	7232	5774	8128	8458
1132	283	7946	1455	4686	5339	7872	3882	9599	6124
104	3333	3096	1839	3813	3080	7571	8599	7540	4824
1029	1319	3851	1313	5814	8427	7886	4414	6745	8780
2412	1734	5823	4837	5369	5509	3630	5049	6005	19894
670	2129	3906	3705	1950	5045	7066	6109	3755	8036
1576	1538	1096	2934	8612	3410	8072	5235	26989	6450
1499	3450	3682	12439	5481	2144	4738	8521	6472	12586
466	1622	2693	4089	2075	256	9472	3856	6680	4833
1926	3789	4517	4193	5094	3824	5885	11193	8353	10305
889	1708	2850	3642	12129	1740	3026	5759	8269	7270
695	1282	3397	3513	4458	5092	2771	4275	2755	7142
1436	1770	3794	2001	4815	5223	6317	17856	5594	5399
1084	1557	3502	5485	4293	6325	5744	7100	1051	5334
717	1241	3392	1040	4116	7615	2800	5423	5490	8569
4248	1012	2725	4150	8503	12143	20445	2206	9974	9365
1045	2478	3875	4046	1700	11653	3408	3482	6561	6199
760	1033	6047	2611	4653	4963	3137	11638	7928	9423
1816	2395	3150	6061	11865	6826	6372	2813	23142	4929
184	2923	5715	1890	2812	5889	6451	5687	7186	4219
1250	1437	4188	2243	9077	3727	23262	5664	24580	10286
1510	940	2892	2419	2620	8709	8020	5999	3305	10669
743	2534	1845	2494	3088	5807	8486	21589	23036	16538
437	2271	4794	2178	3559	5898	18112	8352	11378	7925
1352	848	1671	2280	3697	6013	8454	4556	7756	10277
1085	2522	1700	1317	3081	4180	4273	8372	10182	12332
1161	1665	812	3335	5886	3759	6630	6037	11039	5601
62	2685	1317	3310	5648	3230	6419	5150	14134	6849
909	2351	3406	3341	3013	1969	2324	3880	9530	8151
1130	1449	751	3531	5088	5045	4766	7644	7190	9722
1023	3844	1357	3895	14546	14877	5736	3074	3363	10864
3820	2137	1088	5637	5220	4337	3450	11687	6787	5870
812	1924	3138	4160	4699	8136	7141	10845	4282	4264
2780	2325	3266	4662	4060	5212	9117	4946	9018	5235
965	2161	6107	1831	2670	4034	4324	16361	9241	5899
1252	2423	4457	2893	5817	3687	2963	5274	8722	12008
1027	1150	2893	2753	4414	7955	3682	2562	3418	8929
2611	2220	2187	3630	4635	6989	4778	5268	9032	10980
587	1479	2019	6955	5954	5629	4782	7453	23004	8433
1261	1420	4069	3119	3675	2815	8903	9068	13310	7148
1327	664	2903	4695	3681	4288	1794	5546	2237	3501
4846	1674	3677	1744	3843	6345	8757	3780	10947	9112
939	1563	2544	4210	3957	6650	4642	4988	7741	9311
1219	1989	1394	1326	4282	3630	3554	6350	8864	5096
1637	533	2510	2789	6438	8678	6371	8774	4638	8313
1086	2137	2265	5393	6583	6025	5205	9401	8345	23239
1430	1824	2948	4312	4684	3762	4324	4173	7865	7634
1668	1354	1671	1161	2305	4384	5383	1312	8225	8051
2609	3259	1571	7539	3084	1730	5508	7280	3619	5885
216	411	1848	2951	5728	8039	5863	2682	5941	5298
561	2953	1482	2482	1852	4349	12830	6068	5809	7276
1457	2162	9727	2573	4778	3324	8630	2880	4227	6263
1509	489	2033	5640	4777	8550	4172	8762	6173	8976
1154	1242	2864	2400	3293	4070	5038	2313	10185	10089
5043	3075	3355	3759	4642	11556	12361	25556	15339	31351
279	155	2116	2505	15113	8660	2414	8402	6596	10071
1583	3622	2598	1917	4660	5725	5350	5574	8334	26775
1381	5196	3532	5553	4533	5398	6332	4231	13378	4636
193	2278	3488	1925	6454	3134	5406	9966	10152	34410
1461	1792	3193	3953	9103	5385	6997	7770	3441	2813
2069	1066	2468	3864	1673	3938	4975	5162	3629	17431
1837	903	2001	1994	2792	5671	12851	2856	3881	4749
2111	2455	1628	3990	4498	5395	4343	10962	6971	11562
1375	1577	2963	5350	5735	5463	3997	8421	9520	2752
1584	2131	4812	2742	2016	5928	4036	7106	10432	7771
1443	7650	5800	3211	7398	4280	4544	4879	4631	5818
792	1913	6429	2778	5822	5705	6342	7540	14489	9822
466	2150	2539	4881	5130	4322	5216	7503	8666	10618
1857	1868	2265	712	2698	4866	7084	4540	7588	5940
1730	622	3008	4591	3032	2643	3357	9293	6152	16030
1123	2809	1456	1050	6759	6158	9544	4982	10053	4746
1689	1378	4221	2606	3556	9347	5944	6746	5802	12795
640	3677	2066	2641	4544	13509	5841	9072	8749	4799
883	3082	2020	2457	4314	4872	6994	7770	8300	4305
1536	2725	2467	3930	5250	2544	2612	8729	2957	8323
845	879	3337	3440	3207	6359	2895	7489	7250	8533
1203	1911	2591	632	3384	5174	4879	8554	5578	11182
1430	1892	3267	2528	9672	3765	2706	13006	3377	9257
1440	3325	170	3996	2986	7290	5475	21444	6386	7423
2195	1828	791	2939	5475	5184	2221	6529	6470	4935
1147	638	2723	3306	4624	4322	3314	5168	8871	8344
506	2108	2680	2391	6579	2940	8079	6364	2689	5924
1619	1986	3473	2042	3428	5513	2485	3690	7286	9573
618	756	2851	3571	11138	4473	6122	5148	9557	6718
1174	739	2809	5713	2394	6133	6408	11420	8708	8954
291	2268	1120	5755	2216	1638	6090	5254	5084	6861
1683	982	1118	3375	4859	19690	5204	9952	5657	6397
1478	2299	2548	1108	4123	3105	5565	7216	8890	11090
1088	3719	3394	5766	6065	5463	5504	3071	12426	9654
3458	1039	2927	3697	4490	2353	3456	7922	7000	2710
792	3039	2347	6794	4182	3789	5885	3276	7852	8979
3184	3116	4415	14435	1704	4061	2353	4987	5721	17483
604	1957	2123	3425	4818	6380	7501	5233	5861	7658
1389	1138	8745	4081	2981	4153	8866	3493	14071	10513
2091	1654	4824	1484	4241	8261	4135	10925	28345	10797
1584	4453	2205	2804	5120	1907	5199	3826	10270	10199
1125	3284	4321	3093	5869	3459	6574	3307	9045	14484
611	882	2745	5877	3098	5915	4545	5191	11988	8977
1304	1578	1875	1607	3924	5239	5051	8615	3835	8079
844	662	1794	4324	2529	2632	4671	8700	7974	5802
1370	2194	2704	1481	2797	2186	6564	5943	4924	6559
1887	2619	1512	2897	6203	5738	4017	5199	5434	8412
1373	5550	4619	3384	555	8486	7742	4925	6793	6266
805	2883	1367	1759	6693	5886	3770	1703	4004	6107
475	2391	3307	5052	6624	4066	6052	9105	11577	8859
1157	1181	1790	3403	6521	3851	4835	6988	15353	8418
893	3214	1537	3293	4595	5010	10260	6550	7343	6810
1249	1601	8311	3989	2555	7467	5516	2869	5503	8245
2459	2252	4215	4533	4965	4518	15662	2040	5424	6331
2870	2678	3687	1352	3899	1830	8708	8011	8410	9872
2040	1873	3336	3024	3689	5055	4500	2989	6375	2981
2874	5223	1335	3990	2330	5048	6036	6177	4096	17963
878	1359	2778	3236	5384	4647	5545	4847	8678	3343
0	2374	2393	3782	2216	7670	6424	7334	4913	5991
1448	1551	4125	4946	3756	3076	3757	2570	7792	5243
1275	2042	3885	3621	6859	5446	7439	8505	8745	3423
2128	1433	4248	4768	3029	2849	3829	11397	6821	6582
1827	3270	2489	5130	4286	3603	7630	4889	9900	7634
2020	2149	10568	5996	24488	3262	4272	4192	15559	7337
587	3617	3386	5312	7227	3097	4380	4323	8965	13807
819	3845	4270	5105	1919	5595	12325	6310	12925	7270
421	1896	2405	3865	3431	6994	5145	2977	4508	9136
872	595	3475	2663	7023	6062	2267	8588	9144	4723
2735	1608	1676	2689	1829	5261	2865	7861	7578	12426
1095	1811	3131	2470	5688	8532	4441	6047	8599	10893
1489	1695	2717	2076	3757	2774	5179	6613	6827	9372
1437	3161	3429	3965	4550	3998	6276	2177	8313	9503
3404	2809	3636	1879	4724	7716	16642	8733	8835	7860
2500	1489	2372	764	1557	8261	5430	5901	4043	8761
1162	3248	3373	4353	6302	5365	7802	3720	6838	2967
2163	1308	4661	3771	5962	4389	4266	3191	3461	10487
1514	601	1312	3366	7394	2585	3563	4610	5675	7365
252	4464	1985	2799	7177	4924	2373	6300	13922	8767
615	3099	2961	5608	3836	7334	3711	11899	9420	6025
2026	1612	1898	3503	4473	5569	8793	7718	2915	11090
2353	882	1728	11205	3738	4361	9547	6267	10685	9011
114	1252	3618	1965	7954	5320	4480	4188	8583	5813
726	5167	2395	1502	3626	3529	6668	13192	4578	5478
1635	1458	2347	4505	4071	4118	5694	6932	4175	5478
954	2319	2998	1120	2458	4604	7235	6504	10065	7635
2248	2666	4631	3878	1365	4113	5404	7657	4802	8444
1131	2779	3800	2126	1641	4609	7750	4643	3275	6481
1464	2770	954	7986	3243	4017	6256	5768	7734	8984
913	1587	5382	6267	2688	8452	7090	4863	8733	23901
829	1312	3272	3010	4359	5495	4626	9698	7516	7923
1178	2258	4133	3928	2883	4230	7222	13587	6831	5510
2340	852	1837	2010	6622	2026	7267	7433	7303	4549
525	1550	4300	2429	5118	5134	9894	7494	6232	9304
1113	1984	2970	1480	2714	2668	6248	8145	3155	5385
155	2327	1923	6182	4965	2570	7659	8377	5596	9920
1024	1744	4315	2795	2440	6851	5336	19032	6030	9782
1860	2039	1578	1954	3312	5412	4958	6458	5933	6196
1651	2174	3726	1523	1829	3914	1015	8252	16150	10047
1995	870	5788	2158	4029	6214	4673	5694	4976	7715
1328	1677	3905	2788	1950	8352	2873	7865	7662	9037
1044	2157	4050	4517	4648	1337	8540	6943	8441	7836
492	3578	2447	4371	3306	6755	3757	4530	3299	12221
601	1216	3109	1414	4205	5696	10157	6564	5007	8018
1055	424	1017	13381	2526	7624	2158	3046	6399	8047
725	1147	2386	5526	3777	5011	2983	5244	3193	10911
729	2647	1730	2789	4606	7044	2315	4767	3543	6863
2270	2432	3226	3210	8967	2388	2173	4936	6266	9988
772	2241	4150	2053	4785	8591	6293	6496	9709	6686
451	2562	4452	5355	2210	6223	4381	10977	3022	12845
1636	1602	2803	3973	7585	4174	3896	5450	5036	6236
944	2766	1054	10929	3003	5349	6882	5074	6134	12193
1340	1948	1476	4834	8203	10868	2639	9701	6272	7578
1050	1640	2938	3203	4341	3053	13208	4208	5318	4089
1264	2618	6281	5091	2837	5380	8128	4549	10099	5559
1129	1705	1961	2724	7002	5249	8571	9860	10063	6294
2147	1607	2755	3133	3858	2294	4338	17383	3495	8136
184	2349	3199	3010	5042	2579	5698	5776	4902	8904
1110	2616	2611	18405	3380	7391	4551	5303	8844	10935
1470	1580	1872	2102	2049	6680	4129	6383	8202	4905
1067	2071	3558	2981	4530	5673	7414	8104	9020	5598
309	2202	2689	2715	5995	4552	8932	6160	7517	8954
889	2565	2926	5037	5877	6909	2614	5212	11064	6257
380	769	9346	4241	3647	2347	6201	5338	5950	2702
986	3111	1828	5328	7450	3319	4760	6287	7051	21350
