1 NN	2 NN	3 NN	4 NN	5 NN	6 NN	7 NN	8 NN	9 NN	10 NN
3	19	293	38	41	1217	1	26	237	11
3	6	1	209	28	345	6	9	593	16
1	4	24	298	130	14	15	9	430	17
8	16	5	18	2	10	2	9	60	582
7	29	13	65	16	13	18	12	23	5
7	5	64	42	13	80	25	13	113	56
1	348	84	16	436	40	100	11	10	43
52	65	5	2	47	17	13	23	14	100
33	9	42	27	9	97	402	22	11	40
2	332	1	18	84	60	10	12	14	77
1	56	23	15	12	1002	13	9	88	508
2	23	36	26	16	32	141	10	452	69
7	28	2	4	8	5	28	18	47	252
5	4	7	5	38	13	3	14	249	191
2	16	48	21	7	974	62	27	8	14
160	2	157	329	16	8	11	52	262	31
1	3	1	177	119	3	11	8678	64	34
1	3	29	272	56	8	63	289	10	341
4	5	50	225	326	15	59	33	37	426
356	28	22	4	7	267	17	23	375	75
129	186	3	193	456	10	11	6	5	25
6	6	22	44	93	56	9	67	22	119
1	16	1	6	240	17	205	35	234	124
1	4	530	320	2	7	35	60	38	333
24	45	2	272	344	6	111	314	360	427
140	7	5	50	6	6	25	6	20	247
28	1	4	91	41	13	16	220	268	61
1	2	9	9	151	14	375	96	19	56
1	11	9	5	8	56	135	381	47	143
1	1	6	10	139	19	23	54	6	336
212	5	12	16	282	19	54	155	28	9
8	18	6	55	15	25	22	18	11	363
3	8	15	32	9	338	31	71	454	11
89	13	3	173	61	129	294	12	27	7
4	12	607	233	50	46	19	3	19	14
9	3	98	7	249	148	14	411	17	51
3	70	123	10	194	107	177	22	28	8
8	1	7	19	2	38	283	1365	282	49
3	3	21	375	144	12	23	19	28	35
246	24	4	219	12	18	17	16	64	7
1	19	143	835	3	2877	292	416	29	205
1	2	15	49	8	5	59	20	165	41
1	7	9	51	15	181	921	32	12	37
1	2	98	69	8	15	10	50	64	224
1	3	23	175	7	59	45	18	437	95
2	87	3	3	216	3	13	17	19	13
163	3	3	217	3	37	65	13	25	10
1	3	3	7	677	8	228	284	82	25
15	11	24	4	170	135	10	12	56	21
2	7	5	372	642	1958	25	96	156	24
1	32	13	131	337	5	614	44	8	29
1	2	22	29	4	49	4	33	18	5
39	9	16	20	7	272	18	123	700	67
16	2	5	28	6	8	368	15	24	90
5	2	104	22	1	6	23	21	40	18
10	1	5	14	77	31	8	31	6	275
1	2	3	11	16	10	8	11	268	182
1	146	3	5	13	16	12	7	257	83
89	3	14	203	2	443	7	507	17	694
65	2	4	227	56	8	10	274	23	17
3	88	25	8	6	8	51	16	277	23
94	3	6	43	103	62	36	107	39	24
2	412	9	92	2	217	171	14	60	93
1	180	237	3	18	125	660	86	639	5
2	3	769	4	102	150	34	200	54	48
1	38	6	4	13	75	4	89	1	638
8	16	2	24	11	231	65	15	25	476
5	5	176	64	2	90	189	252	3	189
11	2	5	10	9	126	23	315	8	8
2	29	101	336	17	261	32	8	46	695
3	6	3	749	85	10	143	16	4	163
119	5	205	749	10	22	162	341	104	11
8	2	23	81	42	15	97	113	32	23
1	3	1	8	15	71	12	186	109	258
1	24	4	6	14	696	18	13	26	45
1	1	298	5	9	54	899	207	16	26
246	5	50	5	28	258	7	43	701	6
1	1	4	81	67	7	13	1	897	360
9	1	3	199	4	30	366	14	48	42
187	4	251	117	72	82	244	5	406	255
2	2	69	75	7	457	451	18	92	10
6	1	38	41	6	16	22	16	16	26
2	3	154	147	21	24	744	9	876	948
1	271	71	4	136	4	12	148	92	12
35	133	3	6	4	188	64	3	339	34
1	123	37	262	153	172	33	37	264	50
8	2	66	62	295	11	5	96	14	47
1	23	79	19	132	165	9	5	86	164
1	8	67	54	21	21	46	3	80	725
1	77	3	5	10	22	33	222	11	115
1	9	3	11	197	50	266	12	154	8
6	9	2	19	4	5	17	53	182	195
1	1	5	9	97	7	54	47	315	325
1	2	14	53	12	11	43	32	1	76
26	60	5	1	2	47	2	11	16	23
2	1	12	26	6	5	114	17	10	6290
1	2	2	88	20	1095	35	25	93	16
1	36	1	28	54	20	122	79	1081	38
1	3	8	18	7	27	14	9	27	48
1	2	109	18	170	202	22	61	97	8
84	2	5	24	41	4	10	70	21	561
6	2	2	806	219	352	51	103	144	16
4	13	3	13	27	10	7	21	43	7
1	5	2	166	3	333	2032	261	76	34
1	198	16	99	190	5	34	5	56	133
1	10	11	458	40	24	21	105	7	21
1	5	235	9	20	237	14	34	9	12
65	42	58	9	827	42	212	60	298	12
6	8	44	6	12	32	29	222	469	16
3	5	373	23	1091	7	193	24	257	278
106	4	13	407	13	19	293	23	108	56
1	41	71	2	9	8	490	100	23	14
1	3	3	6	53	136	29	18	453	486
10	4	6	2	11	6	8	7	18	13
1	2	4	4	50	8	78	26	66	121
11	207	5	224	78	70	10	18	53	140
1	2	19	13	6	138	322	2	139	222
5	6	9	3	8	15	10	7	14	17
2	39	3	12	117	12	4	238	11	15
1	144	23	8	7	85	93	10	345	125
1	6	2	8	57	280	109	39	30	12
21	5	322	14	8	276	207	61	21	499
144	2	74	63	14	701	25	10	9	43
1	2	4	207	12	80	149	9	30	28
2	10	97	1057	15	9	239	352	396	306
9	35	8	6	20	5	5	82	23	408
3	6	211	19	11	21	16	672	10	5
1	50	6	57	13	77	13	55	107	11
2	2	62	104	5	85	8	10	31	686
1	2	7	4	12	4	20	42	912	38
50	2	33	2	18	85	33	253	22	14
47	8	1	4	17	1	1696	7	214	433
10	37	1	5	32	3	91	17	8	53
1	19	35	12	26	101	13	30	197	86
4	25	10	5	226	84	10	146	8	14
2	4	259	10	346	136	837	20	70	169
2	58	47	11	147	533	8	265	16	1
15	2	224	119	234	5	6	33	22	77
1	22	4	53	18	416	151	10	540	38
281	2	155	8	564	16	73	17	80	116
4	3	4	10	8	94	119	334	22	122
7	1	34	4	8	8	77	63	52	28
1	2	6	5	10	9	34	12	150	90
39	3	9	16	74	28	241	25	156	37
1	6	20	8	18	337	198	23	10	37
8	2	6	7	3	22	109	11	183	103
1	1	1	484	94	19	20	12	88	21
1	178	120	9	70	429	79	59	156	11
4	2	10	4	84	224	159	42	428	313
7	12	14	29	439	10	29	141	24	4
1	2	289	3	63	87	13	10094	610	778
105	97	4	4	221	28	7	119	33	72
1	2	41	60	244	143	45	34	588	1325
30	23	3	21	65	193	1089	22	19	20
11	73	3	263	350	264	91	13	13	79
1	18	4	3	19	9	14	88	75	29
3	1	4	92	16	453	32	144	17	118
115	141	7	1	15	20	77	9	112	84
4	2	3	22	87	184	48	9	757	36
7	17	4	1	8	16	13	381	69	33
2	10	8	2	136	59	193	279	26	10
1	7	7	4	318	155	11	485	4	43
92	356	9	1	1	11	14	22	9	130
4	6	4	4	110	1	111	14	6	15
2	3	11	121	12	63	19	36	17	401
1	5	32	4	52	11	83	19	21	46
4	6	5	34	7	37	33	146	77	37
9	14	2	221	33	453	26	272	397	49
2	4	13	6	7	628	1	719	35	24
17	2	4	6	35	29	158	234	25	117
2	71	3	9	8	136	99	388	18	5
1	42	62	172	5	92	71	23	18	28
1	1	8	8	14	266	1	20	24	65
1	8	2	3	7	42	172	62	47	27
2	6	5	10	57	18	14	11	53	73
2	6	3	2	4	21	23	53	5	7
1	2	17	15	57	327	90	19	8	130
1	3	28	13	59	32	82	26	165	97
2	2	4	7	107	8	9	12	187	32
11	3	52	30	8	8	20	61	481	20
14	4	20	574	6	15	1113	118	842	378
275	3	9	10	63	572	21	235	72	37
4	29	204	5	739	20	17	63	70	124
12	28	33	2	22	178	34	15	272	80
1	1	14	708	42	126	21	174	55	64
1	6	31	32	43	7	34	20	9361	17
2	3	6	74	12	9	736	30	14	80
46	4	7	48	8	4	76	9	20	65
1	4	63	5	18	5	14	36	4770	22
3	232	13	23	41	104	19	412	9	20
5	2	181	263	49	86	33	837	1006	16
1	2	6	17	9	84	4	219	84	11
1	3	329	13	14	69	389	926	163	36
1	16	8	24	4	49	25	1	11	13
1	2	10	4	27	18	11	77	48	131
1	6	9	12	6	11	902	486	266	275
2	3	67	400	1	80	15	13	37	40
1	5	144	519	69	7	23	114	41	182
1	55	14	34	248	11	15	6	95	34
1	4	82	6	49	334	4	182	240	30
1	2	6	70	818	221	101	15	14	27
88	4	141	44	5	19	24	27	111	22
1	11	41	5	2	6	14	12	45	313
21	10	61	4	28	8	8	32	119	8
11	55	5	17	4	11	7	136	168	158
2	8	4	44	2	20	60	23	23	8
10	2	24	91	108	7	237	5	9	56
2	9	30	18	14	217	290	16	37	163
63	3	151	6	11	25	18	240	37	108
9	198	165	5	533	1	16	181	248	14
2	173	6	27	6	7	12	24	9	232
23	8	6	13	266	76	31	17	21	222
1	244	24	342	14	12	15	19	12	17
132	5	11	189	10	371	13	37	391	842
22	1	11	30	32	13	13	104	105	179
4	16	6	124	19	91	253	22	24	3
80	3	6	70	28	18	182	71	73	5
13	14	9	890	5	58	8	40	242	51
8	1	2	9	7	287	14	13	25	237
3	187	89	11	76	3	117	72	275	49
1	1	2	8	938	35	10	4	9	137
1	27	35	12	5	23	607	25	226	14
1	15	5	735	91	72	22	75	14	278
60	2	4	46	100	58	88	228	24	519
74	9	15	406	134	3	67	6	19	32
1	13	6	6	9	43	9	7	103	17
9	56	127	12	154	9	15	7	16	24
2	24	7	168	1559	8	11	9	76	418
1	9	147	52	688	523	21	14	90	25
36	156	304	118	57	185	3	14	46	6
1	10	4	1	94	48	368	79	42	47
81	16	155	7	6	23	30	11	68	60
1	216	11	167	115	8	23	1205	30	68
1	49	36	8	54	11	22	9	69	99
3	5	4	617	181	198	96	38	99	32
1	6	5	206	8	10	14	18	38	96
5	29	1	914	10	3	34	9	320	16
1	3	124	471	5	47	5	18	4	536
155	4	147	54	69	14	25	667	178	1236
246	48	1	84	30	10	22	12	34	54
50	3	300	90	317	21	13	747	109	9
84	10	10	2	115	5	110	18	131	162
31	3	494	206	2	9	385	54	15	21
1	3	3	198	8	6	25	170	27	16
1	45	7	195	126	4	16	52	12	199
7	10	41	5	49	31	7	5	38	74
6	4	5	22	12	327	42	9	16	5
51	26	87	5	5	2371	21	14	4	12
1	13	4	308	150	5	160	278	49	62
3	3	52	44	202	11	6	12	17	196
1	2	195	97	33	6	22	12	890	15
266	21	17	220	30	19	10	17	7	252
1	7	10	905	5	1382	121	7	17	73
26	41	166	234	54	1	29	231	23	46
1	1	1025	15	1	73	81	300	233	46
1	2	10	7	156	143	76	4	13	41
2	95	27	77	61	7	5	157	874	29
2	12	18	9	6	116	11	21	385	11
65	2	13	18	5	2	48	11	27	13
5	5	34	316	71	49	14	326	1359	53
9	2	61	113	271	5	122	568	96	877
1	65	77	66	249	14	189	265	366	772
1	243	4	92	10	35	22	16	14	16
97	2	8	24	71	11	237	92	207	7
274	3	6	9	10	12	63	14	202	52
3	5	19	8	1187	10	120	27	348	18
27	5	39	5	3	116	3	1	5	62
2	153	168	3	10	8	200	14	29	39
7	221	1	20	17	60	24	16	144	841
64	16	5	390	143	98	40	9	382	152
2	2	11	56	3	168	31	17	2	21
1	3	4	3	6	17	116	50	54	180
50	11	8	43	3	11	141	87	15	153
1	4	26	12	4	13	14	312	32	62
93	2	117	9	57	42	24	80	156	11
1	2	41	11	459	4	14	97	47	5
1	7	4	12	233	26	40	57	255	38
1	6	12	109	4	10	15	47	232	1170
10	1	3	8	4	6	11	23	20	25
13	3	7	9	439	13	88	30	353	100
143	5	74	7	98	4	31	15	80	157
2	97	18	24	29	15	8	6	235	9
119	1	3	3	4	11	7	39	49	14
2	21	15	4	6	58	99	6	18	47
3	390	5	28	12	12	16	2	3	15
15	2	4	19	13	434	12	381	8	362
221	3	177	322	8	2	16	72	658	93
2	2	64	33	111	34	109	74	16	24
2	2	6	3	27	72	21	160	62	138
2	485	13	11	45	74	288	980	4	421
1	1	39	5	12	278	234	54	57	10
1	34	418	3	38	28	9	27	1023	178
1	4	6	11	15	7	29	15	16	34
1	2	3	66	64	188	188	21	7	41
3	390	36	49	6	152	8	36	13	131
15	333	1800	114	15	2	7	27	38	485
1	13	59	110	12	964	110	18	10	9
2	1	8	523	19	238	33	20	57	1029
2	31	5	5	26	196	28	9	255	10
1	196	8	19	6	52	44	16	20	12
14	6	197	5	40	19	66	7	713	341
1	9	26	87	70	82	440	39	19	93
2	502	3	5	251	15	23	9	96	16
5	10	7	24	188	4	249	6	133	14
11	2	70	6	136	18	39	6	27	13
2	1	23	5	48	9	18	201	16	16
52	6	2	17	74	20	10	75	613	304
26	33	4	24	7	9	234	29	51	10
34	52	3	8	7	22	36	12	15	5
4	144	26	5	18	7	95	14	849	221
1	11	21	4	45	8	8	26	139	330
1	5	5	29	15	8	97	2197	315	6
7	5	17	134	8	18	9	522	11	16
1	137	10	78	127	7	18	10	27	25
1	3	6	25	2	26	18	208	17	257
6	4	1	10	8	13	8	43	186	30
2	1	112	4	3	649	36	14	19	37
1	2	41	25	165	5	15	501	117	13
29	3	12	2	7	972	91	11	18	541
1	408	6	19	67	123	43	219	309	105
3	1	91	28	22	7	349	84	49	402
2	6	78	106	17	13	11	189	50	2004
1	51	10	4	24	165	26	102	17	18
2	6	3	84	38	54	292	242	27	35
4	4	8	16	73	6	105	45	590	9
36	10	3	48	71	280	28	76	8	40
2	51	2	6	4	19	231	1582	10	3
1	103	3	36	48	16	575	83	51	955
1	21	501	3	12	22	12	295	20	58
33	6	12	33	71	6	7	23	23	20
1	97	13	573	14	163	51	282	523	33
81	40	580	9	245	14	261	4	33	16
1	12	5	7	22	5	77	75	102	20
2	2	164	820	258	8	604	19	184	81
3	69	10	110	94	16	22	3	2	166
1	3	60	298	37	285	377	73	24	31
1	30	10	7	9	10	42	29	80	11
4	2	17	13	36	5	18	13	18	21
2	84	1	6	6	43	6	360	303	29
9	82	107	4	11	677	77	57	46	17
4	9	2	6	220	25	65	15	19	50
1	2	46	12	261	14	136	5	81	31
33	2	6	91	16	11	31	11	80	60
1	6	17	104	37	6	16	200	428	209
1	177	181	214	8	49	22	115	585	118
4	7	14	31	8	9	8	108	13	113
1	61	3	123	96	41	6	205	25	24
249	2	4	98	8	26	7	13	98	18
1	23	56	48	5	24	12	41	14	182
1	35	14	24	7	192	20	11	17	45
1	59	17	3	33	3	275	13	650	27
2	2	357	249	14	22	17	5	378	30
5	91	22	6	6	7	45	18	19	505
3	230	3	3	1	65	282	49	127	58
1	16	2	8	87	15	78	160	20	4
1	73	10	55	54	123	7	20	25	535
12	49	843	5	52	29	89	27	14	27
1	9	16	50	20	47	76	25	8	171
2	181	7	3	402	33	256	19	12	211
1	5	88	200	239	127	140	29	5	127
196	2	4	332	24	41	4	174	86	20
47	2	7	402	100	17	183	29	125	402
1	4	260	38	429	9	97	201	25	73
1	43	126	19	106	5	529	29	12	81
1	4	6	7	194	18	42	262	87	62
7	11	9	11	3	37	20	3	19	291
1	11	4	14	70	4	23	14	331	762
1	2	9	8	89	184	444	15	34	92
1	3	6	18	147	2	18	13	73	38
1	2	6	66	3	402	4	35	47	84
5	2	121	184	174	31	86	4	12	167
81	82	3	5	129	9	85	39	90	69
149	2	115	74	8	114	91	72	195	287
73	3	61	29	55	110	17	30	33	26
1	3	8	7	36	6	8	10	27	30
1	37	31	75	8	3	4	696	1228	697
1	100	3	110	186	137	55	433	44	216
1	7	105	1	209	64	25	169	16	195
4	7	11	22	24	20	105	109	25	197
2	76	31	95	8	210	101	30	18	21
6	2	2	3	42	12	53	10	37	9
5	2	18	101	31	13	354	52	13	27
13	21	8	144	6	465	222	7	292	68
1	275	5	9	401	351	15	90	3	142
19	2	7	10	141	9	1	27	10	139
1	11	15	8	8	419	32	13	23	12
1	23	126	136	32	73	165	11	9	71
1	4	12	2	50	698	9	30	17	27
3	27	2	8	5	34	8	10	12	49
518	4	3	514	301	73	67	242	47	106
3	8	12	15	838	3	10	159	334	153
1	7	45	8	7	56	165	72	788	344
496	8	4	5	6	222	11	88	30	1042
45	197	3	11	21	44	15	2	7	91
1	274	189	93	8	32	5	19	10	15
44	12	18	40	12	9	12	12	34	4
1	81	2	9	4	105	31	97	247	26
6	1	1	7	17	33	5	32	21	22
1	6	16	342	429	311	15	68	18	332
3	16	179	182	5	72	9	13	325	20
273	4	3	46	17	121	43	12	13	16
18	1	4	608	4	117	337	67	15	46
2	104	2	4	4	4	18	34	895	17
3	23	71	4	8	14	4	250	5	27
1	2	31	5	147	7	929	26	182	38
1	18	10	75	186	89	7	108	11	1463
1	9	312	16	4	100	8	10	496	18
1	117	71	98	4	208	19	215	3	36
1	9	43	8	4	6	33	62	101	54
1	242	19	23	8	14	37	35	26	24
1	4	9	27	11	29	24	30	17	182
163	9	430	861	47	9	8	7	14	33
1	7	2	8	81	24	25	21	57	140
1	3	131	6	136	47	104	14	174	18
2	49	10	52	29	91	28	26	48	14
1	2	3	14	5	23	23	11	924	335
3	306	194	8	6	17	176	46	21	385
1	2	59	141	24	21	20	9	84	911
2	4	94	803	181	4	15	9	47	42
12	4	168	39	108	31	1726	705	291	94
2	4	12	22	8	11	33	10	119	84
5	4	208	64	24	9	218	282	47	9
3	8	46	79	32	11	854	6	145	917
2	1	3	19	29	13	133	59	11	8
10	61	3	145	10	50	5	272	210	212
1	193	117	3	31	79	5	9	330	16
1	23	60	11	140	9	2	2394	123	69
2	21	40	147	283	47	4	693	25	23
59	3	407	11	10	29	184	25	278	181
22	1	97	209	76	15	106	917	114	2061
1	2	47	9	6	34	113	29	33	52
1	2	15	11	218	43	708	15	38	54
19	311	7	205	161	124	12	8	179	12
63	95	6	294	135	11	110	142	13	19
2	331	91	6	89	480	20	111	435	20
1	101	3	29	210	16	429	310	169	7
1	1	16	72	201	6	19	749	13	25
1	8	122	80	30	4	9	61	38	101
111	29	4	4	98	7	9	37	83	17
1	2	89	7	248	7	48	336	323	176
2	105	10	3	15	1013	26	89	13	22
74	5	3	380	8	302	852	236	148	764
1	2	6	32	417	31	4	40	77	267
2	2	39	19	4	5	43	4	11	59
1	2	64	1	4	220	419	7	79	8
74	39	20	15	2	41	49	8	73	10
7	6	114	141	13	7	14	6	26	34
20	18	175	5	155	53	470	23	19	44
2	2	11	4	14	238	31	15	582	6
66	2	26	22	8	162	24	113	22	28
1	32	36	3	4	71	183	3	9	108
3	2	249	4	19	3108	41	78	41	25
3	5	12	26	14	19	165	116	64	303
2	2	8	3	82	51	50	10	21	8
2	126	12	69	18	3	24	16	80	56
1	127	9	32	36	118	23	25	114	2
55	5	236	156	76	29	10	112	6	39
8	74	30	237	1504	104	12	164	74	171
5	6	4	6	14	9	44	28	10	3
66	5	12	10	2	659	43	9	6	34
5	41	125	10	8	11	20	43	8	2
1	4	23	20	7	484	3	11	18	7
490	4	5	5	10	94	70	9	6	30
1	14	372	6	1	13	27	23	21	25
1	2	7	20	398	254	84	195	6	8
5	3	17	520	11	16	695	23	16	54
2	22	50	6	24	471	7	436	30	59
66	192	2	66	53	52	24	18	63	23
1	12	5	137	766	6	6	20	12	22
9	3	12	45	12	9	155	10	11	19
2	97	233	31	48	89	9	13	37	64
2	8	6	203	14	36	371	21	252	4
5	58	150	3	21	8	3	9	134	124
317	211	102	4	21	10	25	18	173	80
69	9	4	148	5	8	42	27	2	11
5	9	56	10	196	44	88	76	35	1427
2	42	623	227	973	33	87	27	402	13
2	5	16	6	3	41	32	63	226	16
6	1	1	6	322	8	92	10	15	11
1	3	4	39	338	14	6	22	155	221
10	11	11	27	1449	644	106	9	3	12
1	62	375	5	246	43	109	23	6	9
6	50	181	4	6	29	6	43	24	1073
1	54	21	5	5	23	68	25	55	251
1	7	10	3	6	11	1455	42	49	14
1	5	51	5	64	411	5	117	141	10
1	373	5	49	45	5	16	260	178	156
1	8	8	9	10	22	23	198	38	308
1	2	2	10	922	6	13	6	649	13
6	8	13	32	46	60	6	55	12	341
96	2	4	15	7	18	241	7	76	23
1	2	5	507	9	8	22	30	20	1
1	8	24	117	10	170	52	963	347	43
10	27	3	5	8	141	100	9	14	5
4	3	138	4	5	552	77	18	849	216
253	20	387	62	5	600	20	9	10	11
2	136	118	155	381	15	303	18	22	30
1	99	2	8	48	9	73	507	32	49
8	426	95	11	106	43	23	119	32	29
1	2	8	170	100	6	18	47	68	16
