0.1 percent	0.2 percent	0.3 percent	0.4 percent	0.5 percent	0.6 percent	0.7 percent	0.8 percent	0.9 percent	1 percent
3189	853	1893	6617	2876	7305	5703	6766	8241	28502
664	3133	719	3440	2740	5790	4290	7148	8051	10157
3121	4244	4480	4257	4448	5227	12522	3276	5352	8142
1867	898	2668	3532	12900	12465	7132	5170	5712	10909
1300	2538	1524	3704	12276	7119	9451	6033	6078	6453
1590	5914	6647	1694	6368	3879	6544	10032	5016	5118
2106	2089	2341	6110	3384	19359	3842	5230	10027	7120
941	1455	2156	6577	2247	3357	7091	7378	8746	3912
1610	3656	3412	1013	4322	11108	4370	8892	6165	4304
1672	1360	2471	1829	6571	3701	10244	3959	13124	23111
2506	3635	4835	4996	2359	6643	5845	8093	4823	16093
1275	1418	1995	4137	1527	4535	9941	10933	6844	7525
406	826	2574	3559	3545	2523	5007	5159	9811	6720
628	4281	1762	6010	7795	5031	7510	6040	14411	11433
1872	1910	7460	3665	3631	2461	7975	15333	5992	11576
2458	1140	2655	4050	5658	5272	10442	4224	5629	13779
1097	1025	2832	3613	5143	3844	8388	3924	3555	18135
546	2862	4435	2205	2667	6586	2255	8270	10902	8060
2256	1279	2885	2381	6031	6449	8358	7880	8153	4368
2925	1963	3021	4277	3794	5898	7275	8662	5473	5076
2668	2619	4517	1279	4411	3987	3322	5959	10316	10399
654	2526	1307	2728	4491	3723	6619	3118	3953	6831
570	4800	1874	2468	2611	5601	7431	9414	13377	24052
572	1107	1683	1793	2645	4370	2865	3064	6837	8435
1860	576	4039	9626	2367	1099	7067	8752	5880	12884
1386	2805	772	5174	4148	3396	5468	4411	6611	5613
1600	2797	3482	10686	4801	6188	3110	7373	5833	3944
1486	1754	3392	1819	7122	5038	7930	9366	4222	1130
962	2241	875	4926	3699	7116	7197	9911	6869	7568
859	3434	2454	4130	5139	2329	5588	6335	9017	3535
603	1343	5599	5980	5370	2986	5935	5573	19108	10348
2498	2346	5190	5240	2316	8161	4545	5472	6653	11150
408	1109	2686	1066	7295	7604	5818	3849	6305	6537
0	6169	2532	1270	3783	7051	4663	7642	18142	6957
1044	2456	1391	1500	3000	3206	3026	8106	12305	6176
1168	1378	1753	4823	2045	3824	3200	10285	5898	15793
1245	2358	1170	3154	3417	2018	2152	7526	6551	14663
1236	5928	6468	5729	2762	4050	6850	12717	8533	11001
1106	1807	1792	3957	4302	4175	7185	6679	6014	7751
1441	1512	13674	6159	1566	4775	2557	5298	11257	10443
549	661	4749	4095	3137	5397	7370	6079	5497	5301
1670	2959	1665	4176	5605	7457	5007	5179	12877	4206
610	2385	1395	3144	6445	2038	3258	6541	7353	7854
1022	2997	5528	2817	1818	4960	6373	7049	5448	8177
1922	8411	3389	1587	5813	11616	3515	8785	7650	6512
391	2460	1248	3282	7772	3370	3155	5631	8983	6806
1450	1738	2550	2023	2964	4723	6887	8294	3347	13731
1452	1144	3113	6202	5080	5425	16746	7035	10329	11751
924	1945	3391	4369	6489	6447	5891	6335	13275	17445
3254	2612	2866	3369	4117	6480	4792	3468	10854	6596
1627	737	976	3696	7382	7433	6455	6261	9804	9340
3217	2554	1234	4409	2820	4381	6541	5505	7189	8721
1119	1005	3142	1848	6140	8562	6207	7929	3610	6527
2974	2512	3695	3217	4824	1903	5312	9474	1551	4216
229	2697	1482	3276	6849	7189	7659	3521	10707	3634
882	3023	1667	3750	5945	6194	6053	5801	7928	9848
1500	1810	3968	5156	5835	4841	5273	8791	10233	11059
3422	5539	2338	2143	8597	5982	8812	6694	9739	9473
1200	8858	3454	3606	1547	4324	12849	6441	5996	9190
1905	1146	4140	4985	2760	6783	4314	4837	2819	3976
952	1892	3318	2404	5804	4728	5207	6478	7029	4258
2224	3474	1628	5841	2980	6351	9782	3322	8364	8621
1416	1899	3091	1065	7403	4002	6842	12786	8465	11117
663	3454	4233	2929	3879	4032	4111	6003	9549	11498
1315	1605	2561	2565	5837	4309	5964	2246	8850	12705
490	2979	5451	4339	4241	6559	3492	3737	6946	9662
732	1653	4269	3528	4717	5954	7488	9364	11751	6201
1498	5043	4696	2368	1896	4703	5701	5314	9406	9498
1336	4361	2471	2880	5054	6207	4722	7323	14815	11137
0	494	1637	1407	6478	4218	4160	5774	5158	9610
446	1587	1237	4343	6572	6021	7702	14591	11685	3811
1285	1311	3065	3051	6981	5756	9593	26256	5331	7387
1672	2380	5627	4567	1927	4469	3213	5904	6164	12220
3433	871	4937	3588	6169	7911	3021	7546	6494	15538
1692	793	3442	2447	5389	5115	3338	9044	5872	10505
484	2375	3212	1636	5178	5272	7723	5534	14356	7500
911	996	3822	3785	4774	6528	16662	8928	7706	14829
1148	6982	8679	1404	8847	3221	4621	11672	10508	8184
2303	1637	3123	3951	1915	3671	7594	5310	10341	7826
2162	2170	4371	5288	7171	6888	11697	5472	5621	5902
1720	3222	3008	6488	6328	2142	4936	14462	2267	8391
722	981	2842	3120	2115	2705	5886	9262	6789	10672
1220	2114	1463	1981	3623	8869	8544	6955	5835	7259
938	1726	1327	1158	7446	7960	2709	10387	7414	6101
694	5437	4617	1596	4403	3709	4373	4286	7288	3778
2853	1494	2395	3637	2220	5807	5312	7683	10229	17352
2161	1345	3221	3290	5822	3639	8755	6158	5937	10439
2968	1869	4929	2268	8479	9376	17095	6185	12813	14050
1756	2643	1990	6329	1902	4301	3838	4370	3967	10534
1046	953	3582	4651	5895	4985	4653	10114	7938	7945
398	1611	730	4113	3390	4132	3533	7826	4146	3376
1265	2180	1939	2404	5134	7099	9978	8486	2788	6264
1277	1954	3172	4547	3975	2741	10761	4813	9594	6750
2226	9998	3775	2527	4521	5163	27327	3192	11174	4749
1231	1473	3676	2752	5001	4382	4438	6178	8086	4885
1948	1703	2166	4014	5030	6600	8293	7222	4450	3168
2298	1773	623	2758	4074	3511	5552	10654	6522	7095
1340	2671	2327	4206	3220	8084	8232	11812	9743	8903
1374	1424	4060	4809	2064	8130	4318	8423	7463	9818
1092	3326	3782	5933	7759	6957	3660	3367	11763	10247
1429	2655	3084	2145	6058	5225	7945	5056	9900	7804
1559	2116	5962	2330	4293	7062	5114	5428	7874	10857
1308	2612	1008	3309	8299	3923	6635	5060	10857	5313
2437	1222	1933	6637	4782	1535	6745	23563	9196	10994
1203	2679	2432	2116	2597	6338	4311	3775	5541	5221
1190	2946	1237	6421	5982	5437	8830	9702	10286	2792
1528	4125	1437	4775	5189	30403	8251	10155	6271	11272
2441	1260	3383	4212	4540	4155	4026	3525	5676	13928
1270	2873	1660	5405	2360	5168	3749	9527	4748	3214
2186	3416	3324	2585	7860	6808	5717	3182	11459	4189
561	1300	1694	4957	6084	4025	4045	5581	3629	6698
1610	2611	2899	2059	4252	5351	7025	22904	1601	8273
1199	1742	2285	3951	8284	2201	4587	5138	5275	5931
472	1800	3579	2010	5922	2959	10841	8054	9258	5847
1594	6596	5200	2489	4782	3698	5493	8694	8690	6642
1812	2199	3827	3077	5364	5503	866	5264	2845	25380
1574	1573	2624	2962	6552	5153	6121	4835	6620	3525
1551	1315	1726	3050	1715	5178	5084	6228	8058	6776
965	1597	2573	4468	4442	24933	5926	7497	11487	11518
1184	1230	3473	1683	2451	8703	2826	7322	7613	21346
612	2611	1843	3587	5643	5283	4828	2814	7419	6894
1509	1092	1695	5712	6802	11444	8763	8227	5790	7840
2034	5755	6588	6539	2739	3743	4065	3985	6701	15614
543	2527	2058	3168	5880	2148	5147	8372	24003	8790
632	1429	1995	4683	6990	8726	9177	6284	13976	4137
1397	429	2633	2206	5687	4665	5331	9327	2905	7231
873	1350	3551	2268	5675	3980	2565	5633	3974	6734
863	3421	4196	3773	2497	4185	6265	12724	6062	2137
1098	2754	3150	6830	3719	3577	12643	5863	12110	11684
973	2770	3772	19559	4682	5355	3262	6468	8767	10662
1124	2508	2446	3848	8802	3947	3943	8407	12852	6207
1689	5097	3181	2499	3175	4669	6687	9123	11607	5262
920	2435	4211	8107	7722	1421	10620	11303	6490	4595
2089	2232	10162	8914	4254	5806	8357	7679	7939	9179
1359	3199	2270	3059	5189	3652	6267	6392	8514	9325
2076	3481	2260	3659	6657	6107	5844	5750	7572	4070
3177	12773	4423	2576	5717	18343	5339	7634	7048	6899
1674	2701	2010	3579	2300	5552	5663	7735	3902	11658
1146	2839	1600	4458	5136	6296	8886	13514	7795	10933
2835	3245	2636	5734	5072	2469	4282	4149	7488	10843
458	1725	1627	5712	5859	8042	3083	10144	8394	11882
1522	1352	3421	7328	4224	10260	5812	4565	5674	7790
1812	2532	2092	4544	4108	5022	5120	5670	11795	6034
459	635	2046	2584	6307	2869	3382	3606	12278	9946
792	2561	1698	6452	3665	5022	2810	6462	9875	27726
1134	2356	3782	4847	5590	3673	9850	9253	14245	4902
1455	3320	2622	6119	5158	4520	5034	8054	15380	11541
1890	1345	4929	4123	5848	9062	8179	6686	12258	14709
1527	1761	1840	3696	7928	4054	4087	5868	6059	5796
1037	1597	1192	1537	3762	4119	4210	3290	5404	11274
1142	1136	3025	6552	3821	3909	5553	5053	7286	9130
1160	2732	1406	6856	6402	6735	7385	3364	4369	11818
1421	3463	617	2130	5227	5925	4410	7859	10905	6701
629	1612	2653	5788	3434	5175	7697	11746	9246	5959
1394	2344	2345	4922	2514	5196	7859	5831	4762	8323
3163	2301	1617	2732	3577	4462	29229	8220	10575	13368
404	2549	2007	3314	9222	2656	6064	10193	6670	8095
565	1544	1437	6908	17384	6633	8516	4501	3707	14645
1239	2718	4014	2300	5496	2614	9012	9466	6816	8550
1153	934	2382	9419	4298	5599	5161	7568	5287	8729
2244	2290	1253	5245	1523	2756	4412	11486	5110	4716
1682	2085	2769	5895	3623	2412	5723	7005	8646	4422
1115	4044	3848	5021	4107	6756	7544	8603	10118	6293
2776	1656	739	1527	2263	5218	5766	4963	6974	7531
2545	5105	1825	4752	6220	4394	7220	4535	3844	9302
979	2120	6375	2463	6593	20289	10020	9301	7962	11457
535	3965	1400	2542	14228	6222	8241	3168	7779	3981
898	1185	2747	4629	3567	3808	6577	3543	4974	11191
929	1847	1616	5027	4545	4741	7444	7304	8514	10908
1553	4080	4342	3555	4085	3429	6940	11114	13310	9975
1424	2986	6350	6178	6808	5633	6207	9164	7567	7310
559	3062	3817	2121	3965	8834	2825	9419	4317	10700
1056	2177	3247	8767	3094	5292	7824	5183	11055	5900
1454	1399	5023	4329	4240	2186	8569	1831	10840	6756
1277	2547	5685	5502	6855	5716	3379	5216	3349	6355
687	4980	4133	3225	3421	11625	11114	3799	14827	3574
1811	1793	3062	5664	3448	9657	3442	6003	7931	10523
1915	2662	2969	3337	3343	8153	9007	7643	3555	7618
318	4546	3827	3792	7272	2373	9535	5981	5594	4535
1076	2621	3395	1497	2525	6562	5707	2230	4271	6243
2385	2678	3629	4496	2008	8103	3371	5324	6819	8789
575	1973	1755	1773	2438	4927	5959	4914	12206	5061
2047	947	1630	10449	5345	4510	2890	8371	14554	5523
542	2841	3668	6392	4057	2657	6469	7872	4249	2843
1392	2946	4223	11124	5162	7446	8801	7779	7743	261
2603	2470	3192	6455	3396	3963	7502	10220	8664	6410
753	2921	1145	3063	2110	6363	4481	12939	9117	8290
1324	1692	2343	3826	4467	9979	9655	3973	9903	12011
405	1239	8093	2949	12545	3382	5052	5857	12320	9606
2320	7527	9388	2833	4484	7296	5394	12052	4627	4154
2649	2181	2384	2764	2616	7312	3106	6850	9869	11707
979	1472	15393	2711	5362	4223	5911	9238	9947	7087
492	3273	5627	6459	4972	10505	6764	5580	10747	3402
551	2637	1843	1987	2669	6985	3776	4303	1806	12368
1384	2777	3585	3593	5546	3041	5803	6302	8347	6544
1986	3176	2823	2830	9607	5911	7829	5499	12053	5751
848	2601	3177	4688	4271	6850	7632	6709	23112	13806
1257	4488	3757	3017	7313	2599	4368	3912	10092	4268
806	2937	3750	6832	2170	6474	7890	10833	12648	6606
840	925	4053	3741	8062	3843	7302	4896	14993	9757
794	4440	8188	4534	3256	4948	5354	3000	5327	4613
1416	1520	3100	5298	3679	7819	10684	7931	12554	6148
2307	1585	1647	3075	6602	4929	21621	5345	6446	9578
1233	1352	3538	1831	6190	5088	3141	5434	6984	6203
1999	934	2981	2397	3691	6463	8408	6107	3309	4021
1395	1613	3719	2640	3898	6512	4878	3938	5914	3749
3001	2934	1891	4402	5565	6132	8655	7298	11559	6068
1451	1434	4506	3878	1814	5956	8153	8240	26181	8791
2089	1750	2245	1913	4069	4807	5065	6564	7222	27565
2777	1721	3509	2636	3822	8099	8622	10847	5443	4359
5219	800	6691	5968	5146	3071	7164	6369	8735	11733
1954	2996	4947	1462	1323	3239	4163	7345	16839	5916
1461	5024	8204	2434	2777	6383	14492	8808	5925	11940
916	1242	1566	1756	5230	10329	7194	8998	11283	10990
1715	736	2098	5564	6341	6572	7455	3207	5634	12471
2139	1612	1781	4895	4791	5588	8781	7480	11865	9285
1085	7364	1712	5764	4275	4682	3745	5686	11454	5757
437	3933	2325	4305	14263	5452	8099	9558	3305	9448
2048	3439	1484	3139	5709	3176	7701	8099	10043	14515
1209	2074	2917	2284	4196	2959	8020	5054	5792	605
1491	626	3427	5453	5492	7358	6759	4226	7974	8924
1231	2421	4063	6433	7975	4833	5326	5753	9525	3814
961	3323	3249	5715	4445	5053	3461	18689	7839	8389
1497	1293	1481	3435	7851	6887	3016	8571	12152	14166
745	5159	1386	3064	4528	5864	4449	8577	5019	5771
1110	1158	1355	3938	6121	6132	2679	8235	5178	12154
1914	2277	1533	5291	2396	2768	8083	6331	8971	11447
320	1726	1404	3142	4820	7239	4615	5646	3130	8019
1668	1321	1195	4802	6285	8236	6026	3974	11305	7570
1843	2270	2151	9655	3318	2094	2548	16378	4836	8595
1073	2377	2385	5441	4905	4271	8150	5569	7112	7770
2980	1747	5209	3720	6487	5204	5245	11213	5218	27808
1408	2002	5611	1524	3878	3261	2629	10407	8835	3838
2131	1066	2920	3636	5983	1303	7016	6115	10318	12804
1069	1023	3071	4575	1780	4797	3609	7279	8163	8823
1527	3599	1093	2518	5704	4736	9490	9992	6097	9000
1363	2972	3687	4900	4305	4519	4788	4586	15342	2410
1187	2879	3047	3721	3469	7509	3839	4712	5494	13010
1212	1477	1906	5129	5951	4333	8968	11626	10014	4695
1562	2167	4818	3544	20066	6881	7452	12968	9884	12311
1921	1488	2707	1334	3438	6247	6208	7666	9787	7607
2223	3053	4979	6184	1863	2964	8146	6009	5455	8791
1354	2173	1686	4037	4502	4207	3356	5478	8078	3426
1059	2447	2774	2961	5272	5618	7631	8407	6064	3351
2027	1046	3347	2906	2070	5063	3885	10535	8980	7144
1270	1206	4074	6380	4234	9158	6966	6365	6420	4116
868	3484	2162	3216	5872	7468	5669	10231	11832	4944
2409	2923	534	5823	10523	3679	13731	13555	8152	9342
1438	1231	1924	4732	3039	5036	15368	3264	6859	5980
2178	2815	2461	3109	2723	3646	2671	7509	8552	3796
979	2037	2793	5035	3762	2737	5587	9999	19332	7088
2023	1283	13214	4317	3232	7827	8644	33401	4202	10175
1156	3185	1978	2893	4567	4286	4901	6501	8715	3096
2514	4532	3491	3572	6585	4836	5869	7607	6895	5425
1845	3300	739	2903	5626	5742	7563	3839	7824	12257
1227	1012	4121	2554	5215	4570	6080	5631	9735	13877
883	2690	2585	6932	3893	5398	9553	9889	3562	10951
1403	1884	2670	5568	6919	23262	3962	8787	22664	8164
993	610	1417	2533	6314	1993	5686	8564	977	8686
1079	2765	1927	1522	4995	6581	3222	6126	8190	6542
1004	2962	1735	6677	8381	1876	5810	5695	13247	7207
755	2540	3582	1783	6197	3464	6463	4133	3207	8934
2929	1274	3565	3464	2896	5510	6239	5531	11894	6024
1207	2030	4309	2162	3274	967	6796	11264	7039	12320
1335	940	5220	2884	5545	5516	2895	8117	6427	28170
1020	2764	3367	6346	5796	7373	7210	3343	7626	10383
239	1623	694	4518	5850	4813	4394	8733	11141	10716
1092	2579	2945	9845	5209	5692	3399	10423	8363	8752
1230	1160	1313	4826	5853	4039	4998	1829	5517	8196
1127	3695	1889	6394	4134	4539	4873	5817	7875	9909
941	2047	4021	4992	3384	5248	8087	4531	6528	7101
1074	2542	5038	3420	7977	2012	8640	7773	8217	11388
802	3386	652	2694	3112	7091	10236	3771	7438	8950
1117	4187	3332	3366	7951	7113	8367	6152	6408	11424
2354	1340	3042	6311	1483	2331	14036	12738	3237	4876
2992	1713	6630	1566	5168	5291	5906	11818	9524	12866
1163	3865	4767	2520	3094	2699	5441	9361	21139	9335
747	3162	3262	4202	3510	2773	3655	4404	7047	26823
1125	4340	2289	4638	3657	7807	2803	10561	8006	10267
1766	2517	2573	4134	5136	4397	4971	6573	9958	6699
1546	2659	2209	978	5131	5137	7380	5853	7754	9060
688	1714	3612	4918	3886	4516	4813	4859	4909	5958
474	794	3648	3919	3468	6324	7974	7202	8583	5666
1782	1640	3955	5566	4144	5090	5357	7261	19122	8075
1274	1838	2952	3882	3212	9653	6081	9525	14999	5280
2274	2170	4772	3736	1835	5335	4277	6381	8240	6922
904	332	10678	5365	6802	5484	3984	6087	13354	5646
1795	2343	2433	4658	4821	8824	3881	10503	8321	10680
1998	922	1615	4207	7894	3307	10089	7690	6787	7126
1410	2027	2454	3683	5275	12784	6695	1329	5192	6693
1218	2620	2842	2058	4674	4399	7494	7831	8649	23748
1201	1625	4621	5330	1780	6635	9523	9209	4179	13349
1560	2631	7128	2893	4915	1720	10922	8299	8958	7168
1373	7221	2743	1789	5439	7484	8531	6913	11924	6210
310	2922	2257	4345	5274	4984	7520	7524	8374	8197
1605	829	4599	5688	1980	3374	2098	4734	5085	7291
2427	3877	5297	5307	10159	2364	3948	5903	8380	3323
1870	2607	6058	5024	7005	4142	5896	6373	8452	3307
1747	1472	4184	3352	3016	3802	3066	3653	9080	8365
907	4614	1746	2535	4067	12529	4143	3749	7176	5981
1948	6319	2855	3959	6685	5011	4200	12856	4181	10671
1375	1546	5744	5513	4139	5109	2813	6316	7374	16223
1918	1812	2771	7292	2573	8897	5829	3898	6629	7929
1027	1079	4822	3674	3902	5698	3271	9887	5000	12516
1592	1594	3732	5830	1844	7853	11313	4809	6589	17602
794	1327	3289	2855	2452	5125	3003	5564	13539	7876
2180	4178	3601	4401	1976	3859	3143	4797	7457	8603
1299	1938	3822	2172	4172	2465	7188	6063	4808	13660
1086	0	2114	3548	4236	4961	8106	5413	7113	13251
2401	1440	3343	3398	6479	4386	7872	5605	9777	6178
954	707	1809	704	7907	5455	6300	3069	6998	10109
3030	1513	2864	5478	1927	4632	4781	7266	7389	16184
1693	2253	3843	1959	4109	2417	5144	6262	13749	3751
1850	825	2139	5792	3608	5408	10098	5831	7851	15179
231	494	1673	2288	3909	4964	2625	10032	6988	7920
463	2498	3926	4495	3310	4545	8070	4650	8111	7896
1336	2358	4705	2807	8694	7934	3156	4122	4938	6033
1170	2866	2832	3548	5590	5022	6645	10952	5080	4522
909	2890	2842	3758	5060	4522	3358	20668	6533	3762
889	5049	2299	4644	3344	3857	5291	9668	11066	10732
1023	1749	3088	7625	7615	6870	5137	10033	9096	4179
2265	2642	1345	978	5272	4992	9176	2302	3657	10560
2395	3152	4847	4678	261	6256	7906	9399	4842	8891
1361	3351	4517	3265	5175	11742	6335	10543	14316	4850
899	1236	2322	1837	4349	5186	7056	8677	4441	5997
373	2615	2044	3680	7217	5670	7641	8399	3995	3637
1674	3292	2571	1909	4170	4754	10989	8465	13664	5191
2186	2588	2751	7424	2092	3687	10222	9054	4079	6776
1000	3512	3531	3808	4359	5920	10726	4291	7702	6633
1208	2081	1700	14292	4136	4778	6055	13238	9752	8592
160	2816	2484	2067	10209	2970	5928	6181	13908	6154
3604	1187	2670	7082	1978	349	3950	3011	11202	7900
1783	1454	2575	4727	1823	2676	17271	5154	22577	6406
2901	1719	10981	10122	5069	3749	5638	2817	4662	5331
1453	5166	8449	2611	13869	8050	5941	4409	8697	5885
1328	2771	3014	4543	1844	8029	8173	2999	9628	7778
541	7220	1666	3763	5418	2258	7334	9794	5506	6991
2753	991	2708	2829	11393	3227	2832	4940	9225	10734
1447	2847	3235	4115	6236	8170	4404	6296	9685	7017
1884	4672	4363	3441	7524	10953	8928	9460	28598	9254
802	2762	5060	2234	3219	5821	6499	7754	9236	8154
1277	4456	2011	1089	4526	2670	4762	10911	9736	4555
1370	3076	2754	4124	4429	11310	7993	2631	7732	6615
1196	1396	5112	4254	3732	5006	14630	3521	9480	6826
1243	4946	3847	3701	4062	6159	2966	10243	4376	5983
1305	1473	9256	2789	6443	2524	5919	6020	7256	12393
841	2116	1371	5729	7212	6815	8294	4479	6303	10265
2313	2471	2476	5282	4995	3879	8418	9200	10046	8792
1000	2978	4161	4425	5312	8064	3499	7559	7978	8439
6290	2733	1893	6171	4333	7988	10378	22619	14864	9822
1856	1439	5047	2764	2039	3829	7582	10332	7126	3005
1097	2575	3520	4657	5633	6203	7889	3439	6750	8215
1262	542	157	4042	4624	4881	12070	9865	8220	10266
1576	1296	3133	3622	7828	18917	7282	22911	10256	3466
1051	2146	2697	4194	3878	4537	4959	5157	12035	11705
1859	2252	3467	1557	9413	5161	8360	5629	7622	9529
1066	1314	2067	5243	4388	4043	8078	2974	7465	8539
985	3342	2092	3742	3205	8608	5326	8570	8629	6586
1610	1729	1321	2326	3321	2746	3317	12157	14239	12056
844	1819	6601	4226	4571	5790	7108	4597	4434	6484
1892	2985	2147	6650	4544	5599	8703	6769	7403	12692
1404	1083	4830	1994	7370	3350	5639	4727	14551	6308
966	1444	5613	3230	2468	4266	10634	5326	3811	9632
844	1519	858	5548	2772	2886	6106	7586	8256	7144
2414	1957	4455	2933	9687	6966	2532	6280	6693	8257
1439	2456	2573	9557	22019	6263	4535	11210	9826	8915
1384	5732	3890	4127	4689	4656	3496	13633	7338	28662
328	2139	4102	2733	5547	7552	4273	4112	10921	10275
1318	1996	1406	2544	5777	3185	3611	8807	3509	7120
2987	1166	974	2957	7214	3090	5350	2858	5514	7434
1136	2538	2324	8476	5888	3856	3705	2858	9233	13293
749	2246	1857	5584	5366	5710	5055	5773	2976	7204
1482	3369	2674	383	3027	7975	4943	10464	7811	4139
2790	2364	2441	5671	6288	4431	6443	3168	3019	4018
1601	1953	4386	1113	7836	5399	7224	8728	9695	10668
539	4785	12820	2466	3035	4262	3625	7974	4848	3822
689	2341	2255	3868	5086	4426	5178	7767	11559	10795
682	1113	5938	1626	1802	6621	5929	10792	8679	4467
509	1080	3772	1837	9805	1851	9199	8312	6735	3817
3164	2581	3834	7895	3157	8314	9094	5935	5707	7914
1355	1725	1527	5000	8593	8245	4749	2372	9966	6626
1148	1877	6079	4850	24690	8646	21499	18915	6694	7619
1054	1762	4466	5610	5898	7544	5257	6079	3282	11710
962	1116	2614	1365	3860	3322	8025	6458	9223	7451
847	1907	3206	6467	5320	6562	5973	6748	10914	7571
1221	2365	1328	2678	3048	6532	5863	1635	11150	25421
785	1978	2698	7871	5620	4865	8924	5309	3320	3429
2393	2788	3518	5845	2825	6324	4417	7117	9445	4364
2734	3944	4027	6461	5974	5939	2545	10002	9965	9011
2574	3345	2713	5542	3087	3857	7105	9294	7675	11251
1143	1768	3190	11178	3450	4316	4899	5079	12728	9729
808	1534	3329	4093	5381	3649	6190	17526	10040	12881
938	1130	2744	6363	4950	2660	4511	14283	8162	18872
160	926	3876	1156	3768	4537	6524	5798	5473	20022
419	3477	2535	3034	3913	3341	9658	3349	4863	6169
918	2034	4520	5430	5210	4451	2697	5804	16933	5782
2455	4111	2384	2397	5785	3445	2114	19203	9222	8484
671	1810	1619	1821	5953	8831	5961	12548	3139	13180
1036	1989	2666	1636	16112	8396	8157	6256	10775	7421
2291	2628	4455	7075	3414	5788	4765	6125	8889	7294
1025	1429	5106	4762	4365	3354	6835	7553	6410	8822
395	1071	1966	8980	11488	4577	3743	10853	4943	12059
1239	3507	4455	5333	4011	3994	5203	7151	9788	5921
946	2005	3008	5779	2695	8032	4345	8824	7230	9296
1070	2778	3781	3214	3730	3787	6995	7764	8871	9725
1293	6706	1333	5421	3522	4225	7405	3077	9106	4613
2214	2316	1247	3859	3002	7097	5677	4996	10573	6200
766	779	2618	2420	5417	3675	2446	3974	6514	4403
2178	3270	2437	2296	4679	2578	3114	4535	3478	7767
2180	1435	12085	5027	2384	6810	7150	6854	6610	21175
986	1536	4403	9263	2199	3141	4898	5815	6308	8225
2638	2560	3523	5446	5325	5443	10720	5327	5377	6221
2389	3074	3031	2782	4237	2612	8412	5016	7301	5824
1620	1981	660	6090	2570	8291	4623	5682	8741	6494
3829	474	3783	2120	13422	8420	5065	8670	13650	11170
381	737	704	88	3912	2393	11425	8248	4849	9992
1046	1670	9992	4581	15214	6028	3794	3489	3654	4701
620	1615	2580	1516	7048	11430	4319	8824	7326	6169
690	3028	2393	1351	6080	4333	1985	6954	7391	10261
1857	1746	2673	3027	4368	3164	4563	6147	5298	22799
564	2483	2727	3062	7906	3730	7026	6293	3597	11516
1365	1477	2225	4510	5107	6127	7423	5108	6267	8089
981	3587	1155	4453	9261	2187	15239	6086	7922	6665
2819	1427	1527	1286	6433	3680	5827	7443	6883	11258
274	2141	3798	4883	7126	5353	2948	8998	6724	479
1009	1260	5434	2350	3338	5860	5353	10262	4071	6497
2434	1910	1157	2082	2437	4037	33056	3732	2561	10351
237	2064	2269	6244	4057	7237	3374	6418	3616	10978
1032	2080	2243	2466	5489	2309	10540	7367	5949	10766
2017	4743	1553	3131	4430	6841	2770	10964	9758	28695
935	1424	4117	1606	8341	4550	6946	7293	22477	7817
1745	2292	2892	4499	4924	2582	8927	3600	11254	4209
1595	2574	3842	2520	5650	5153	11228	4116	5449	7800
1637	1376	1278	2424	6565	6705	6595	8426	5383	9582
1493	1575	4073	1089	7392	5243	6228	3082	8559	3774
1297	2887	2497	4174	2440	3853	4400	5325	7832	5062
1396	4995	2022	4958	18555	3013	9210	5381	9050	11275
1263	2594	3441	12376	4311	9212	6364	3984	7589	7092
1769	4684	2016	3027	3075	2660	5377	10210	7351	7141
872	1348	2627	1485	1442	4021	4401	7629	7557	12866
896	4029	2091	3079	14792	6169	3859	7827	4081	16571
1448	5256	3517	5664	3345	6899	3426	6280	5770	6271
1573	3396	3678	6884	4920	9328	12166	3919	13605	11303
633	2348	1742	3509	5708	2224	6940	10183	6838	9468
1553	5117	2590	3498	2063	4850	3262	5839	2416	12358
962	2649	3778	1982	7908	4455	3621	5301	6175	5279
390	3380	3749	3029	4944	5419	22473	7390	4256	12884
1033	2300	2118	4516	7016	3370	7201	22656	10293	6603
1189	2761	1000	3925	6802	4477	7712	5973	8184	9387
694	2180	2509	3115	4899	3173	3441	3007	4315	11606
2068	1075	3027	3461	3862	3895	7212	3013	6190	9323
1162	2581	3402	3981	5867	6522	9869	9050	4632	12192
565	2538	2055	2460	5728	3578	3170	10286	10304	8380
1855	1280	1770	6644	5079	2755	6185	9054	10029	5936
2032	1631	3067	5712	5593	7392	9171	11434	8336	9826
1849	3846	3112	5524	7861	4503	6006	6104	5509	7772
1789	5377	4880	5393	1632	4356	7597	1843	3317	8195
540	1394	3430	2054	2770	3073	3498	10514	7345	3692
2123	2066	2973	2310	3878	5127	8493	4091	10807	6948
946	1013	3199	4059	7629	5837	7750	9289	6382	10568
717	702	4592	3636	4516	6688	2620	11202	37174	13001
1299	5930	1270	3051	2349	3895	4491	2290	4954	8017
1343	1969	3664	5609	7158	6787	5112	8801	5099	7462
1491	2555	2638	5108	10244	3023	3346	6974	8069	9361
2224	2526	2384	2961	4257	4746	9859	6003	13720	7514
3126	1169	2525	7222	6945	5285	5027	5424	9868	15809
2650	3562	5336	4319	5783	3573	6935	11134	3438	11322
7150	3200	2387	2196	3211	6919	4722	11323	3798	6628
759	1620	1121	7075	3673	4424	9021	5224	9344	9228
558	732	5933	5444	5940	6014	7549	14147	6476	11062
3147	2015	5120	2391	1988	6115	8220	6815	3414	6669
1359	3527	2263	3909	2762	6248	6112	13576	9792	7735
2158	4758	12159	6304	2565	1131	5980	12878	7865	5478
671	2091	983	3330	4632	4871	2893	4207	5783	3018
2492	1368	4491	6930	4345	5576	8157	13558	6000	10403
2063	1400	3959	5432	5042	4460	6842	4047	10532	3850
2183	1767	1694	4628	560	3694	30266	5271	8580	9230
2079	1130	3570	3888	2185	4352	5666	12070	5943	13716
800	4039	474	3369	8006	4843	30434	8204	6527	11622
2186	2760	2870	4400	17227	2614	2035	4131	3570	11287
925	1169	1622	6854	4600	3695	4944	4626	4216	12912
2977	3603	4766	3976	9098	9934	4079	9712	3093	7173
900	998	3183	2974	2083	9122	3242	3807	4385	4530
471	2244	3365	5249	2841	2190	4689	10439	3989	10423
1028	2091	1234	2045	3390	4779	6170	5584	4297	3709
1799	2098	2467	2157	3593	3802	5873	11979	5994	3056
1934	2951	2568	2497	3115	5277	5454	12898	5398	10297
387	3151	1153	979	5260	5923	6970	3673	7668	6543
1331	3403	7258	2585	3277	3734	9937	7892	7107	3925
2650	1804	1112	1916	5079	12151	5127	4049	9240	3882
1060	3878	2828	5330	5509	5458	9167	8099	7136	5843
1107	2321	2612	3146	6845	4589	6011	10787	3595	10889
1145	1342	3553	8477	3480	2752	4357	4889	6024	3360
451	1849	2231	4073	3814	4351	6172	7641	9398	9785
467	2213	2909	5653	3195	5448	9929	9655	4059	4563
1553	3612	3208	3278	4816	6693	13715	5989	7134	6879
924	2245	1928	1275	9160	4563	5125	8502	10307	6872
868	1493	3575	2825	4935	4714	7438	4823	30436	4333
1651	1766	2342	4346	5167	7057	3879	3954	3333	11110
1121	2348	1085	4929	5205	4201	5213	6958	7196	11925
