0.01 percent	0.02 percent	0.03 percent	0.04 percent	0.05 percent	0.06 percent	0.07 percent	0.08 percent	0.09 percent	0.1 percent
116	234	18	73	862	130	331	973	296	152
284	266	3	1764	497	90	1177	227	216	1392
23	111	314	172	72	37	337	102	679	213
22	841	29	671	492	7	22	769	873	454
0	1119	364	188	437	471	495	764	413	474
3	1	2	268	106	142	514	562	161	300
109	1138	2	39	128	238	75	77	848	195
2	244	26	569	1194	267	881	115	3439	812
100	282	297	175	60	362	398	16	429	417
264	31	9	302	308	96	361	560	766	227
2	15	1123	268	3	341	522	69	829	1260
30	17	2	402	465	588	841	1551	1585	1020
2	139	544	159	332	80	424	401	1149	776
418	45	43	167	34	1271	975	35	1487	5723
7	6	612	158	211	631	327	1081	255	886
0	51	2	393	0	675	458	2258	102	193
128	74	2	503	659	8	0	566	1416	843
0	1	177	767	32	674	640	240	3	1679
149	9	285	294	141	51	581	213	1690	2647
117	633	38	4	499	307	428	461	403	6
436	60	0	21	944	4	570	4	713	3122
0	179	119	361	37	237	359	169	8	510
267	2	168	1068	720	900	430	15	79	589
0	13	3	2	293	714	720	660	594	92
2	535	154	224	689	606	229	570	268	1098
64	76	10	313	118	695	252	760	470	678
213	8	99	139	686	132	0	759	1225	992
0	373	433	502	1073	645	276	1403	379	12
259	8	11	9	273	508	203	593	452	3
213	22	243	32	1167	149	686	322	899	1681
4	335	3	29	541	263	66	665	466	1837
28	382	579	190	1751	1163	99	616	1370	893
136	222	648	13	863	823	3066	1175	3400	701
5	22	433	1	480	720	13	796	716	672
124	145	20	31	465	829	346	202	3	809
147	100	305	232	723	507	351	414	346	826
152	753	302	389	736	4	477	94	104	299
7	7	3	910	712	690	210	6	1040	2119
13	4	73	629	1124	302	1052	658	308	1179
46	301	375	186	3	387	2657	453	774	426
0	534	407	917	3	250	998	6	6	445
5	50	25	320	159	353	475	798	523	927
4	3	424	233	415	155	240	403	643	1210
133	25	24	326	588	1443	405	283	362	347
198	9	517	736	226	1315	154	1129	590	513
113	0	0	385	370	182	515	1238	689	119
105	6	0	0	924	454	495	399	680	973
12	8	549	47	11	2	67	326	701	20
125	40	3	106	74	4	0	207	670	9
1	9	6	556	363	1003	527	351	1122	726
0	209	99	131	199	474	47	1128	906	926
0	337	26	1208	161	380	799	759	336	739
265	302	23	433	295	902	245	634	232	87
9	582	200	4	1383	298	463	563	0	649
2	317	449	1666	198	877	851	17	1005	250
626	2	364	132	44	122	1166	632	192	1002
1	477	849	125	19	18	732	2	51	1203
4	122	70	2	33	521	957	456	362	828
211	12	11	2	570	119	175	1015	1542	159
5	301	244	27	81	621	157	337	819	991
10	124	345	498	155	32	399	2844	927	448
16	50	21	67	12	491	319	1209	749	811
0	233	400	14	602	356	264	314	923	820
44	189	6	524	88	1128	8	376	34	525
1	68	32	371	62	28	88	960	1380	14
2	16	3	843	247	1288	127	1556	15	102
36	113	12	2133	186	250	905	265	489	1025
6	13	585	143	121	1275	57	735	449	247
128	52	375	461	597	60	170	1120	278	521
86	37	348	666	817	796	479	33	2979	498
0	6	377	1387	684	553	653	654	406	1794
1	168	654	495	276	894	939	365	7	2
9	118	778	78	164	129	60	706	1564	25
277	1	824	8	4	1003	106	575	804	591
1	817	12	0	436	167	111	77	691	10
0	152	647	114	267	805	83	1024	809	587
394	305	1	607	7	10	699	830	122	5117
176	130	41	4	5	67	47	905	1020	644
14	2	20	130	848	792	505	3	485	845
9	0	119	79	85	86	559	504	386	1260
1	4	32	392	742	385	21	315	1995	7
80	857	32	166	743	873	877	220	890	653
5	20	8	610	41	35	257	462	509	2221
407	147	474	170	161	603	283	523	779	439
191	2	677	1038	208	1129	1213	7	1350	1532
2	5	12	24	32	154	536	2047	4	868
341	212	1096	734	376	615	262	697	400	13
11	94	599	142	237	157	884	1095	388	8
1	127	3	964	859	306	242	568	53	842
122	9	269	243	558	929	53	5	547	496
61	50	216	4	66	593	85	908	700	0
2	493	103	3	135	943	504	31	3136	47
9	254	424	308	503	1215	577	811	9	1424
5	26	2	909	99	235	3	246	838	1692
11	41	109	532	505	581	656	667	89	791
1	11	113	21	98	692	2	128	474	579
213	122	597	24	813	1102	530	494	1093	373
16	3	226	1327	210	2352	1047	3	964	62
2	452	596	263	285	390	1082	1432	1353	729
9	0	40	39	4	6	317	1074	287	259
0	175	299	290	23	1555	770	374	598	286
4	174	237	453	861	2	6	352	57	1483
167	536	310	2297	308	846	458	438	126	702
257	20	36	1102	171	267	566	853	246	412
1	3	67	792	84	1540	966	355	413	8
48	276	259	4	236	573	1854	1523	155	266
97	89	320	1326	186	455	10	538	367	4
17	230	325	238	823	470	1258	532	422	1410
4	185	128	1446	516	1115	1262	219	6	1719
223	11	64	540	26	1068	913	748	717	1234
173	12	267	619	145	86	6	589	698	1102
140	278	429	451	325	33	473	1650	1098	1559
284	0	3	11	673	435	739	2050	341	585
214	61	2	877	3	259	868	71	599	1850
124	4	4	226	725	1444	1208	831	271	1637
186	3	397	51	90	8	606	536	563	121
5	39	479	806	398	431	494	199	2142	889
2	11	188	40	24	632	478	1118	16	1217
477	406	7	1282	408	790	698	34	350	344
7	59	166	129	37	569	141	1567	362	1007
161	212	108	76	717	506	82	2731	67	387
0	95	34	178	401	906	39	1126	6	405
2	10	472	311	91	625	376	782	984	492
163	1	283	247	437	428	518	695	716	586
70	115	3	5	35	418	265	446	3846	2683
1	42	5	5	231	21	982	614	748	760
0	39	1109	472	1353	1142	289	1391	421	498
2	44	290	630	2426	45	1031	417	1331	701
125	111	309	652	377	113	868	1005	1357	567
165	188	3	590	69	2	96	1084	744	674
4	486	1305	731	206	0	800	607	571	121
0	6	26	398	34	94	676	205	24	1110
2	2	241	219	306	410	284	389	705	571
46	124	55	18	55	285	179	375	478	30
3	337	394	177	5	342	72	715	557	5
14	262	143	51	578	432	15	95	602	1188
2	11	687	261	468	462	2142	268	1340	706
0	479	364	470	1859	1395	208	389	61	4071
144	258	125	376	26	376	2692	1425	1655	447
139	84	1071	345	10	859	416	59	1823	848
0	167	205	527	20	976	258	830	191	67
0	760	414	201	745	376	552	258	1085	2307
262	62	327	789	681	371	501	563	68	819
38	8	1	44	45	1030	515	280	532	1326
18	84	187	597	486	194	521	289	44	991
9	6	176	151	216	260	672	752	1855	246
2	235	3	32	10	736	285	727	620	1829
221	31	113	308	370	856	573	1145	164	342
6	167	13	253	5	418	416	126	444	713
248	573	305	15	125	47	64	1084	598	749
160	365	742	51	89	858	1326	45	4	266
4	396	51	18	108	483	1085	276	68	934
13	246	106	2	235	9	601	528	450	482
7	100	24	491	837	1544	466	672	253	1724
161	510	566	538	247	1185	572	315	377	439
1	2	18	192	994	155	939	412	1375	877
9	30	864	222	301	1659	4	72	592	550
142	27	2	475	104	104	1135	93	482	444
0	30	93	184	460	68	606	1476	883	176
117	4	39	2	1146	161	128	286	834	503
0	4	3	683	752	1280	10	558	598	7
327	1	0	275	36	1112	53	544	800	771
13	239	14	55	112	1386	70	2301	521	517
82	588	255	215	857	3	342	887	175	246
1	268	151	83	38	322	535	674	728	1135
136	74	298	624	593	1372	19	352	493	456
0	655	3	46	912	262	50	979	1503	85
262	1	676	516	569	552	451	889	537	68
13	21	0	1	270	1305	62	1072	7	785
59	384	383	502	517	10	152	215	445	848
223	47	133	24	415	4	32	66	1308	529
15	10	170	48	779	217	41	473	440	140
0	596	287	194	837	383	979	231	9	87
2	99	386	30	7	285	804	522	395	1630
118	22	588	5	22	412	151	357	879	4183
428	1	632	161	671	503	1378	357	276	638
1	49	313	16	62	8	421	837	349	230
632	30	48	72	39	413	368	2025	692	981
2	15	79	3	612	22	908	477	3432	819
510	10	94	2	51	878	49	259	2436	737
8	2109	553	458	552	447	29	653	1291	2152
139	225	106	406	446	197	440	710	62	48
101	243	150	251	4	6	313	380	789	1800
19	648	566	588	517	309	273	54	453	457
526	323	80	86	150	540	134	412	33	537
238	88	1170	403	3	836	114	572	544	1056
102	47	124	57	578	322	1184	30	40	73
0	861	28	975	375	326	1139	665	1444	617
73	28	760	535	107	42	148	1147	967	2460
1	275	355	128	466	796	370	175	4	100
0	394	444	2253	666	820	700	548	296	842
137	363	172	281	1	570	1512	104	1108	738
110	233	302	4	101	512	2753	1131	18	440
3	23	37	180	89	415	514	1228	667	1059
44	34	448	573	419	406	696	1468	106	1038
12	6	139	434	330	36	451	81	131	8
18	142	609	359	262	400	277	383	1046	374
102	165	11	0	177	213	785	487	260	4
187	3	334	452	734	412	143	137	20	304
0	88	121	14	357	499	668	548	792	683
115	13	10	118	139	271	445	420	1157	586
4	215	17	117	306	1431	217	1422	573	452
0	81	10	742	360	183	646	702	878	200
751	35	573	1340	308	74	379	497	82	484
1	2	41	514	71	303	8	1017	2894	4474
1	11	295	38	279	31	1073	522	337	951
21	381	24	28	764	699	304	6	871	1317
4	34	9	617	892	684	359	1925	777	1175
112	75	804	651	503	447	289	522	479	5532
30	210	24	46	256	91	53	325	1149	1116
2	265	2	542	577	12	112	10	249	44
203	188	1046	12	3	4	426	835	847	253
0	678	575	173	607	530	125	569	1961	312
2	100	41	202	1295	811	284	182	1817	2054
12	298	84	5	207	6	482	0	184	527
7	10	255	818	251	267	500	348	288	298
232	2	42	617	477	406	1780	1740	83	1172
7	1	540	231	30	37	412	29	1048	1038
7	2	124	490	2129	374	755	211	534	433
5	54	30	22	1065	8	699	363	267	4074
7	11	22	539	132	492	751	704	458	43
1	128	39	40	401	383	16	777	107	360
5	474	519	464	11	790	428	305	1712	685
45	117	1251	28	506	296	166	878	121	729
9	192	3	40	130	114	3899	32	221	174
256	737	152	387	685	845	318	301	695	710
10	4	222	468	47	504	502	3698	294	949
9	505	4	610	49	18	1287	1245	142	26
96	14	435	395	1016	3	395	1170	113	847
172	85	18	496	264	206	478	17	533	516
151	346	224	805	60	239	5	652	928	4313
96	288	1395	874	338	15	900	159	891	1584
4	255	79	285	190	953	1462	187	642	1810
0	138	130	459	42	375	977	1430	669	2451
2	8	127	8	2405	50	56	718	579	870
24	258	2	453	880	227	833	1472	1082	122
236	422	20	758	262	27	72	829	344	1644
156	164	1	455	37	495	356	1050	395	103
1005	20	533	1	831	396	621	742	15	302
13	36	2	433	132	185	98	2208	144	1060
3	327	0	48	22	730	683	344	3	3204
2	364	64	57	430	950	30	18	921	760
6	405	221	129	13	293	6	1347	860	232
369	57	735	620	906	82	1538	301	4	130
2	181	139	1	667	275	168	529	345	750
0	424	135	158	218	776	1105	43	689	572
41	67	36	168	1902	1052	892	51	788	915
1	88	401	473	484	43	5	3568	142	18
3	2	622	211	274	365	855	9	1492	973
121	8	240	8	389	279	772	480	708	1020
168	36	145	113	492	0	102	874	902	166
14	143	271	331	38	674	328	201	590	603
69	254	461	39	330	1124	270	3274	154	955
9	487	9	531	40	990	537	437	588	1028
815	7	379	31	46	466	353	212	1556	6
1	181	508	32	305	277	1849	3	347	383
5	118	439	48	653	20	926	1056	339	501
7	144	273	786	506	123	640	39	1817	1096
361	5	31	3	325	482	516	43	457	1076
281	351	23	1	580	835	208	28	406	552
9	10	365	641	693	1462	1091	269	89	832
47	43	361	21	290	11	490	7	664	435
6	22	430	314	536	225	671	711	350	357
49	7	274	160	188	445	478	141	702	457
11	59	79	208	8	853	520	6	354	763
43	774	1115	128	489	1808	243	256	317	374
4	245	461	550	645	425	401	733	16	381
0	1	408	301	250	52	22	224	721	77
55	1	263	128	408	50	281	380	261	85
0	0	8	1953	870	244	624	1573	1288	953
103	5	232	1026	131	89	546	847	119	1096
7	285	0	12	186	343	147	168	58	115
6	684	91	128	307	611	863	644	77	1569
72	1050	820	697	675	303	26	456	620	322
110	683	1	559	375	481	656	615	1132	3508
3	448	15	51	308	152	568	938	808	436
2	728	218	75	63	349	69	2056	416	1458
1	37	132	189	564	142	142	158	1	4717
6	98	12	1003	468	141	2	729	273	1862
21	32	1	325	0	9	1076	53	3	481
148	1	367	366	741	980	242	44	100	1853
7	275	1320	3	2	2	361	379	830	1160
219	3	62	10	0	223	1722	309	636	876
168	223	27	468	314	603	380	497	784	1293
109	4	22	605	1303	1682	248	780	813	721
2	2	737	1450	151	414	2189	1212	1183	374
22	1	568	418	16	353	72	23	1441	514
132	310	22	16	607	181	360	714	897	598
384	48	9	421	24	383	350	231	259	694
2	160	288	60	25	602	410	342	69	17
6	11	300	629	427	568	71	222	1021	2316
13	406	25	55	448	811	973	6	222	8
1	7	75	11	430	1544	836	551	1179	1661
157	110	21	381	735	1140	1132	454	701	764
1	3	966	151	520	272	254	255	116	2234
1	1	343	59	1470	203	15	179	1015	294
2	301	653	175	1175	524	428	193	593	798
3	44	218	566	28	331	54	680	1809	493
11	0	60	60	390	4	167	221	396	533
605	54	22	451	59	250	188	154	386	1849
0	20	262	57	230	494	280	767	543	665
1	10	38	175	252	251	294	50	1505	499
24	361	22	394	227	601	996	986	277	237
114	20	288	396	804	429	6	2790	1002	776
328	451	7	414	657	15	196	1683	218	938
515	154	829	538	460	299	125	995	786	1170
555	438	4	168	106	399	238	84	477	1197
463	47	3	183	526	6	438	1434	939	604
11	277	87	473	181	1270	621	415	1713	747
1	218	20	905	722	13	724	556	808	894
0	575	582	262	46	55	189	390	8	653
122	488	5	43	318	369	6	385	724	157
1	1030	945	830	52	592	315	629	936	1179
150	18	10	26	1742	582	427	694	1130	989
7	0	30	401	498	410	655	740	1458	882
246	88	89	320	64	238	824	39	263	830
106	137	70	466	9	645	829	414	490	673
0	91	7	584	172	9	215	1	544	837
87	617	14	518	99	14	982	1143	478	1352
2	55	164	619	23	977	685	1312	2009	171
55	266	614	187	65	580	436	386	127	1674
0	6	34	1108	1488	1	16	73	732	1074
6	9	141	461	2	565	1123	461	874	135
261	296	60	160	568	172	526	587	412	845
287	109	3	283	56	1046	147	963	471	426
8	60	12	2061	238	55	656	64	709	781
170	0	22	866	216	1457	127	1041	580	242
9	17	16	435	1606	350	982	8	594	1289
5	15	23	542	1010	494	963	1428	1439	720
389	47	77	54	1700	843	159	673	854	537
283	551	397	255	219	242	1125	57	81	981
741	686	591	484	170	1034	15	135	9	707
1	1	209	605	125	2851	95	647	505	4227
56	29	691	620	36	232	864	331	525	56
79	148	514	19	201	961	93	608	303	1124
14	164	577	7	566	37	42	1192	1246	400
40	247	562	553	61	1134	55	1383	82	582
101	278	561	228	153	7	343	633	511	899
389	11	0	217	160	1069	10	1288	797	435
162	16	218	326	946	96	342	471	453	647
0	4	111	462	827	341	167	827	740	1091
0	99	373	36	1899	746	317	419	1141	888
1	1	186	325	162	466	877	12	898	281
8	260	432	4	861	581	704	5	4460	1905
2	616	0	877	247	712	930	717	24	661
1	169	529	294	1067	2505	731	18	1160	592
0	264	22	314	80	46	740	182	884	256
6	1682	238	353	286	32	1106	1251	478	782
123	287	414	30	779	428	532	894	520	387
33	209	1334	207	2469	0	309	1020	1227	93
245	166	21	27	186	965	460	528	513	92
2	23	593	278	109	92	752	2090	1169	705
0	20	11	261	481	797	305	592	268	581
1	112	508	74	262	59	368	250	1396	683
117	128	373	36	807	2701	271	853	843	474
1	1	253	16	127	419	218	181	2325	233
12	70	294	221	2330	688	1573	356	4	654
62	276	36	182	352	1103	632	451	2	424
255	76	2	538	811	65	571	146	340	0
3	1	811	790	152	15	2437	398	809	309
1	732	129	751	140	30	7	898	873	735
2	248	64	314	763	5	121	80	633	310
468	3	7	108	280	456	314	610	1142	237
52	14	237	794	10	41	57	131	1752	922
4	239	226	378	9	3	787	1045	1195	1054
0	5	570	84	449	341	431	1746	893	4
3	25	28	311	3	35	307	901	729	158
380	249	222	575	341	698	939	1929	889	1292
0	228	593	265	11	274	255	12	453	2639
98	23	10	184	38	486	287	221	570	755
23	633	4	217	577	170	9	1613	696	488
50	37	351	439	355	5	752	381	516	1524
4	24	111	289	590	50	409	785	730	203
364	17	27	488	601	334	51	524	891	341
1	0	101	5	415	233	1368	8	345	1223
190	0	95	212	242	1319	8	1185	30	363
30	2	371	459	475	608	359	408	986	87
335	526	16	44	696	5	15	5	1238	1009
12	78	3	15	387	664	696	1	2	801
81	364	114	109	373	21	356	1186	2	672
8	66	890	24	31	132	522	639	660	10
71	0	387	36	825	822	815	250	533	360
2	4	0	214	11	403	36	806	397	3799
4	262	368	195	65	481	748	767	209	39
30	11	3	397	136	564	1144	243	454	662
1	296	300	29	385	269	96	277	252	924
0	0	983	615	11	45	847	765	491	2
4	0	694	54	182	214	5	65	1559	642
220	498	361	114	35	8	480	92	517	359
294	662	649	388	123	267	444	247	504	342
30	1267	5	6	198	4	867	1409	822	1764
489	744	475	22	219	208	495	6	294	766
3	287	7	2	161	5	417	1229	33	382
1	210	2	455	97	974	1894	371	776	1301
3	65	21	357	17	76	323	823	2277	1606
6	69	60	515	51	218	138	954	818	151
2	333	356	266	338	1028	7	640	479	265
217	318	0	342	131	808	547	1217	880	671
540	89	0	337	281	4	76	583	78	1112
604	246	54	58	68	422	673	733	467	305
328	245	23	35	210	196	333	6	1138	861
0	4	9	306	899	254	314	7	430	1202
8	161	152	467	211	483	945	836	757	280
28	407	5	2	506	3	1147	895	98	557
3	436	463	8	34	53	21	490	1807	119
1	555	93	359	17	1079	4	119	576	785
1	17	292	798	482	589	1639	170	650	1441
5	11	326	1412	241	724	38	16	1029	1219
453	26	382	451	260	319	21	5	3	241
105	1	4	0	312	903	269	561	154	642
0	20	1	2	963	527	25	104	438	341
42	3	419	396	334	30	523	579	7	572
528	396	324	58	335	683	435	1619	6	916
9	59	282	178	673	897	485	353	79	651
5	140	20	0	7	384	1508	268	624	4
347	590	3	520	695	436	54	883	497	1161
9	309	210	37	152	417	464	626	51	691
253	75	557	357	131	362	4	171	253	840
0	221	194	342	93	1086	201	600	1	2793
1	227	346	37	49	536	103	1240	915	542
42	20	475	393	8	1409	467	197	8	684
94	204	511	444	302	41	636	441	165	3
51	180	123	349	732	448	30	213	1384	1536
543	78	17	337	154	670	703	522	320	195
19	301	33	149	659	310	1859	150	727	350
4	12	3	192	1035	447	111	217	378	1180
327	129	1066	178	163	113	735	246	436	1022
263	111	461	20	1969	271	919	1038	120	182
196	8	953	0	583	26	69	416	145	9
1	248	508	1074	431	620	717	431	585	725
171	170	62	5	18	1426	3	398	1468	1616
15	176	6	272	17	903	406	65	518	1137
11	26	121	98	411	95	575	389	122	875
7	165	43	244	527	418	1031	597	489	447
0	325	359	53	10	1675	4	96	340	1876
7	28	488	33	671	345	695	628	3468	98
2	344	87	63	295	666	638	994	2881	1422
130	210	877	669	425	755	8	424	282	648
0	189	389	140	352	939	49	85	478	1254
202	426	206	391	595	26	29	450	666	2056
8	15	268	76	10	874	2539	2900	899	904
3	245	171	186	51	682	297	1133	679	62
276	22	4	475	1596	345	700	11	628	855
3	126	261	141	1066	45	605	1599	466	1204
127	16	23	93	47	609	431	672	1122	1101
6	14	280	7	184	551	160	84	1304	334
12	89	434	711	9	48	666	2257	613	21
10	391	49	396	626	1168	1315	683	315	686
144	266	282	260	132	521	1414	1237	628	964
2	4	938	4	569	26	5	258	9	565
21	2	41	4	709	48	966	1102	246	89
152	469	17	291	544	397	266	754	1081	886
287	76	16	502	56	2	2063	95	735	9
90	286	4	151	988	623	1246	134	751	182
0	334	10	638	755	517	792	783	1142	438
5	221	58	133	493	967	1355	577	348	1030
357	783	38	736	581	236	1532	1547	464	550
44	21	7	233	385	554	888	939	51	707
3	640	25	501	206	64	855	73	64	912
6	334	9	279	420	1139	1104	89	246	1251
131	247	12	1477	5	665	234	429	1130	1334
39	59	7	29	264	1309	292	275	773	1467
88	161	176	288	234	384	178	408	1456	6
174	327	20	809	0	425	458	593	30	1542
0	25	763	1094	259	85	25	417	1135	29
112	215	458	1272	201	367	498	357	1344	1243
16	156	25	20	51	564	309	519	45	205
218	727	221	3	708	659	191	583	1023	736
13	782	930	29	79	1770	17	865	681	650
5	694	221	30	430	1014	455	584	956	1021
263	432	527	195	250	218	253	498	351	666
4	459	517	39	207	1940	512	1126	2291	785
17	29	164	460	67	131	192	1591	692	550
33	3	871	66	346	422	114	922	899	249
351	399	175	162	464	451	485	664	798	1693
9	105	402	5	31	638	541	659	676	4
425	23	330	1	867	525	223	101	557	92
8	140	391	5	51	229	553	428	799	64
12	165	233	80	307	93	239	607	1078	963
47	1166	345	298	14	16	215	502	439	414
40	1	837	210	161	8	664	901	761	70
20	348	235	5	228	1124	450	125	1460	1178
2	0	92	392	738	1216	528	609	1399	1089
40	977	336	26	416	10	460	993	495	372
51	244	0	946	1	6	1230	247	903	1297
84	723	127	366	210	346	3	17	730	970
259	17	145	6	200	78	490	764	1364	853
2	230	675	344	139	4	623	728	132	376
2	68	14	211	203	297	686	996	89	255
13	648	37	248	571	523	9	410	949	497
50	37	288	346	4	217	412	699	942	1402
111	26	171	3	10	611	956	753	411	1361
0	1	7	51	600	281	210	244	710	1268
11	62	265	5	1450	695	1532	150	17	481
35	307	529	528	174	3	774	71	472	747
39	328	31	675	1268	363	1220	0	9	428
97	2	62	315	8	47	488	1042	208	1922
1	3	94	2	185	142	15	384	463	256
142	10	38	445	24	560	312	421	719	1328
3	29	288	68	778	2308	408	529	1000	11
