0.1 percent	0.2 percent	0.3 percent	0.4 percent	0.5 percent	0.6 percent	0.7 percent	0.8 percent	0.9 percent	1 percent
48	38	131	97	485	395	347	65	85	1099
124	51	28	337	65	555	629	1242	933	952
16	153	108	409	342	509	194	117	779	651
10	9	160	56	441	319	560	125	2919	765
99	61	230	534	603	268	699	544	181	918
157	103	252	48	75	89	57	151	833	193
54	160	241	58	1824	421	73	200	103	996
159	26	51	68	319	834	1680	764	387	491
57	140	967	17	1070	139	590	197	48	1783
93	60	177	209	173	157	75	181	227	306
12	130	90	35	207	371	771	379	90	80
5	378	279	101	408	215	616	799	666	177
12	103	21	464	360	167	420	103	1205	900
96	209	625	168	383	583	507	491	80	989
4	45	398	116	428	560	186	282	994	768
67	52	99	357	110	30	182	712	895	425
26	96	61	226	130	164	175	148	3614	848
7	49	149	287	748	103	221	79	822	873
16	110	89	311	426	213	47	975	69	220
2	38	107	303	168	359	2273	729	1988	171
59	151	204	444	209	344	696	460	540	1132
488	11	29	70	120	406	642	200	1038	529
86	8	162	388	466	677	646	41	334	1012
16	20	9	1653	38	412	49	668	405	535
122	288	125	27	385	195	420	387	608	242
24	214	2787	106	232	624	611	62	123	92
25	102	269	254	228	103	778	305	561	96
7	174	239	36	38	335	1033	653	688	514
27	300	178	29	4899	73	287	409	543	61
51	83	229	389	677	120	607	440	321	863
61	12	330	418	669	308	338	1206	573	818
10	45	68	77	549	499	761	403	321	301
77	118	135	163	115	457	153	240	1360	816
19	74	43	580	131	250	55	369	66	1070
153	246	227	296	505	447	431	664	311	842
58	169	335	68	208	535	744	499	6293	838
97	77	208	384	122	71	326	601	75	1571
50	107	104	239	196	588	160	395	340	933
457	48	256	1487	332	1479	746	183	1283	231
336	135	327	253	261	401	32	48	41	51
65	422	309	20	129	363	256	548	183	700
27	120	148	302	479	548	72	119	260	988
141	72	59	182	80	206	716	236	729	526
60	10	274	334	775	1976	468	320	723	153
122	267	160	381	483	330	409	106	198	571
104	135	98	298	21	75	760	585	984	668
75	267	55	439	239	161	1128	352	789	77
30	45	20	150	663	337	375	332	254	153
15	92	165	225	520	39	47	343	407	80
250	34	199	310	220	63	193	53	1136	2494
67	278	356	509	376	35	2005	152	195	305
4	51	160	107	225	596	1937	146	816	279
15	43	31	73	300	194	90	897	452	284
35	45	186	1173	47	518	568	515	257	2466
55	25	237	297	425	112	1638	494	531	281
16	111	440	291	152	977	448	127	1017	1190
167	123	146	466	224	141	775	623	411	122
4	217	186	77	91	63	76	75	210	849
35	26	1496	296	245	524	351	675	119	318
228	61	101	206	452	507	340	678	663	526
145	233	405	178	496	161	271	2377	602	987
12	121	198	280	456	84	328	174	468	1368
127	191	323	206	489	403	444	849	431	213
41	418	134	95	515	57	386	374	631	857
13	209	211	274	389	1060	256	491	206	1073
30	110	86	42	288	372	76	717	377	965
85	159	181	986	109	318	110	343	682	1203
10	99	299	409	215	61	91	431	168	984
56	64	166	241	356	202	70	2104	75	554
2	203	240	692	575	601	190	697	523	530
6	33	55	54	153	168	83	383	612	333
42	77	18	216	42	415	644	1866	777	106
10	24	33	147	313	218	131	79	215	878
10	50	212	13	507	74	31	452	1858	258
68	679	235	149	165	345	723	1932	105	2342
129	19	331	25	162	174	665	236	306	271
6	55	52	343	145	362	345	94	3377	177
4	5	24	102	213	565	298	54	581	253
16	10	280	394	122	76	706	85	506	501
107	89	178	422	235	181	284	172	732	305
33	35	230	183	910	229	1104	187	80	896
65	26	64	40	403	321	105	774	603	185
23	107	279	278	267	491	604	431	1458	907
7	71	43	862	472	517	854	300	928	993
54	17	57	184	186	139	299	465	248	718
66	58	74	211	518	733	309	90	172	1571
12	217	524	109	145	40	191	585	61	102
89	109	158	385	111	590	47	149	215	746
66	21	25	91	684	1973	91	582	87	1294
64	79	72	52	146	140	536	715	171	1823
105	14	22	452	135	155	567	64	1066	118
78	485	70	289	96	382	129	25	2809	934
38	134	119	76	49	74	577	192	1242	520
39	54	69	11	260	252	351	614	829	834
97	260	292	466	113	89	739	690	828	508
18	125	265	189	386	222	294	879	1115	1238
115	275	519	1366	472	587	310	36	90	214
15	17	269	89	192	483	314	2225	62	974
107	120	66	24	502	793	688	153	5214	389
114	162	451	79	379	64	2448	123	334	630
49	252	121	526	1132	297	392	753	734	1366
11	97	29	135	47	353	57	563	363	702
49	371	362	588	93	575	1329	399	228	419
103	44	126	308	284	175	146	814	937	1094
113	1730	75	187	209	320	771	420	323	479
5	244	29	25	746	504	486	719	837	182
122	347	231	60	1408	693	337	742	764	270
87	493	37	829	343	93	696	111	1194	797
23	94	61	130	47	360	606	620	130	507
20	221	269	357	47	126	699	616	12	72
137	103	298	221	67	504	554	293	859	108
193	52	44	109	36	201	304	184	1187	98
13	204	229	464	96	665	50	664	970	1108
101	47	114	167	663	67	78	430	821	491
6	128	56	120	252	511	766	418	366	169
107	212	366	396	13	1775	918	235	680	3453
23	9	89	50	368	295	430	605	627	481
98	110	343	315	614	445	648	324	484	1045
23	29	252	90	240	88	63	604	1208	1244
5	216	99	68	341	381	570	184	138	262
104	72	281	57	224	563	98	634	466	1209
33	43	22	337	235	753	582	269	406	477
45	75	72	370	650	686	172	327	417	364
7	179	105	343	131	898	533	1174	514	80
17	57	88	51	232	154	559	165	2249	130
37	266	328	91	331	545	182	106	111	73
42	20	355	145	315	273	650	285	343	672
23	24	1220	193	47	63	282	729	762	229
43	105	933	287	413	2242	2104	694	299	1351
24	23	127	80	450	620	144	285	450	520
136	21	395	436	666	491	832	622	76	485
45	13	71	202	561	247	1199	234	2315	1576
254	11	99	425	1407	309	511	45	1150	847
79	138	173	166	144	106	72	481	870	679
20	177	1109	366	83	303	106	95	1855	111
213	168	44	185	345	442	211	544	80	272
39	334	61	367	89	253	373	452	664	87
869	240	156	1169	54	395	351	650	1992	456
49	273	321	38	369	275	718	793	574	1834
100	210	311	95	411	164	178	2122	175	475
133	14	115	346	489	70	147	350	1816	1645
62	14	33	349	565	397	857	16	593	112
10	131	147	76	1681	592	1046	1218	554	2242
79	22	33	50	122	527	703	194	408	144
124	190	140	926	403	62	68	740	95	1175
21	66	560	253	59	135	230	879	140	1795
2	11	41	520	674	410	169	928	72	160
89	97	717	377	143	349	857	388	588	1439
35	13	672	395	241	773	85	763	787	170
149	198	74	605	194	79	312	383	373	1423
47	135	543	28	244	1092	527	789	415	238
70	114	248	17	279	87	504	83	923	301
8	65	266	136	600	305	190	326	209	1725
37	276	220	316	70	57	1383	496	186	542
338	322	94	499	390	306	202	497	412	1328
73	47	301	52	420	568	434	248	59	575
37	151	281	248	120	511	2015	109	81	2511
57	14	45	426	98	302	90	451	506	219
68	213	34	298	453	86	1018	726	902	205
16	64	103	793	36	584	545	159	761	982
98	16	179	110	380	363	321	649	746	888
5	136	45	207	443	295	214	518	549	746
221	26	117	121	834	130	1755	80	132	648
66	73	32	54	558	72	658	459	558	373
183	8	46	58	136	255	483	650	106	1372
84	115	188	671	640	156	1831	618	6501	1304
122	141	241	401	69	128	194	58	481	1219
6	24	73	191	194	55	279	89	390	502
73	28	363	93	603	71	152	271	848	434
198	11	48	423	37	79	276	151	176	623
88	684	144	34	297	61	714	197	649	660
49	28	195	38	57	51	276	602	634	381
34	172	100	222	585	1957	599	455	281	46
194	282	314	48	365	163	658	211	462	66
44	696	769	232	123	521	457	439	74	860
22	253	161	1299	278	543	74	310	380	1369
10	133	160	144	53	275	154	868	54	2370
13	22	141	36	24	543	373	43	99	440
9	123	118	59	402	1347	208	40	191	597
23	162	81	494	311	52	502	58	295	200
125	157	51	36	985	488	167	384	444	2020
58	270	11	48	207	878	184	244	569	236
95	29	19	87	98	897	224	666	817	630
96	16	324	368	201	371	148	499	900	986
24	18	367	422	481	676	304	691	174	442
4	74	320	53	446	484	615	381	175	769
104	253	18	351	642	148	61	104	674	881
97	277	48	717	46	50	609	246	794	86
57	129	53	89	39	46	178	377	55	56
85	70	20	795	233	627	593	569	667	1810
65	91	338	137	50	70	771	66	1118	499
122	56	9	31	96	412	687	121	254	948
96	5	52	62	89	220	154	868	255	891
64	172	857	384	113	3971	90	870	1039	726
49	118	307	98	169	184	199	273	126	434
48	140	81	356	43	445	79	79	804	250
82	25	315	170	311	587	542	607	2590	493
305	168	33	77	349	486	432	1199	219	750
130	9	42	44	112	558	256	229	134	1302
222	318	140	393	110	175	270	571	198	599
187	16	251	122	4884	49	59	44	1455	516
134	187	9	331	304	1066	184	184	852	394
418	178	179	819	175	562	31	47	331	770
10	192	296	162	392	29	409	864	784	874
89	229	235	225	751	317	310	529	255	818
21	199	1012	292	167	486	661	1567	93	877
69	51	3161	144	361	42	353	592	734	2828
153	264	78	435	151	536	89	260	795	2022
26	107	111	203	55	358	348	231	629	2837
7	79	63	229	891	815	673	352	365	225
133	135	272	771	516	379	1161	1340	179	1255
35	60	181	222	287	58	136	528	54	487
6	49	165	271	1039	74	340	408	258	586
12	355	377	354	230	249	624	2408	791	74
71	26	166	220	102	552	129	124	40	744
81	78	526	273	212	536	559	409	508	212
68	116	533	133	486	37	493	232	749	96
12	128	424	66	127	510	174	689	73	747
36	32	85	951	42	658	455	250	77	1836
105	230	292	76	34	905	83	838	517	693
101	29	166	175	987	521	550	653	251	587
64	23	164	527	134	528	587	160	1321	458
49	172	147	327	405	142	510	723	152	550
421	109	167	129	351	269	377	312	459	452
5	50	43	60	795	189	25	728	211	75
111	38	61	540	1656	135	86	1004	4902	1812
36	86	18	172	167	605	465	129	787	256
105	194	222	20	622	536	42	81	491	116
61	123	39	345	250	671	167	760	94	228
14	30	29	38	31	275	216	2491	136	729
110	503	24	226	262	525	103	610	1368	765
758	68	93	44	478	661	30	107	1083	709
19	320	129	290	453	48	825	159	89	60
176	127	141	38	401	1796	518	1796	205	97
78	48	95	103	84	144	285	408	650	2026
18	246	51	94	505	76	2165	435	295	279
126	270	260	108	438	694	260	561	758	805
12	108	226	110	884	166	864	1100	1314	77
25	164	91	76	441	265	223	361	781	101
114	11	171	51	274	110	377	55	94	751
45	27	14	45	127	129	1094	735	1496	90
105	63	86	131	953	251	59	55	111	1531
9	201	236	488	54	650	66	629	1045	231
71	349	68	472	238	1644	210	342	194	252
131	11	65	220	18	50	399	414	916	803
25	24	34	322	333	263	716	160	1604	308
60	68	1182	25	978	158	1271	640	595	801
6	19	16	44	186	208	643	1298	2764	127
224	21	65	351	323	658	69	71	451	57
135	53	271	326	96	429	277	116	2436	687
21	268	133	255	252	558	1108	495	474	100
94	118	69	837	486	50	409	1207	725	210
138	144	1282	1516	136	46	158	55	265	2253
60	252	217	256	230	251	151	389	965	401
84	145	24	43	259	533	328	1613	52	540
110	19	29	206	109	50	618	1146	716	44
535	160	167	206	86	214	345	80	240	384
187	88	237	324	164	490	725	81	309	406
60	153	264	632	1894	864	782	443	1476	209
57	178	27	1354	194	431	561	286	256	758
50	159	491	89	202	559	46	58	392	1317
11	66	113	1553	402	293	393	1210	193	1085
10	195	480	329	211	1455	4851	1768	309	631
12	1081	479	138	157	27	225	180	617	832
41	56	119	578	441	215	285	1386	746	221
129	168	88	59	144	237	6019	76	692	113
9	44	439	353	117	437	754	65	1088	206
7	242	336	26	318	505	88	86	319	2442
99	10	609	294	27	39	354	2372	794	97
56	88	61	117	77	441	613	380	823	1225
7	211	241	97	283	785	570	659	790	690
114	13	282	379	154	1041	389	396	688	664
55	132	185	262	493	647	336	245	597	205
20	163	27	524	80	1267	275	570	834	122
151	203	131	110	353	1125	242	414	117	173
121	10	358	539	381	286	216	745	78	523
54	267	37	397	377	297	254	208	737	599
34	148	64	141	389	650	1159	391	577	1473
131	152	240	300	917	1006	187	705	236	2177
136	194	24	14	29	56	302	235	72	565
123	157	14	18	167	176	608	947	248	221
4	94	52	33	205	88	1015	402	56	105
86	166	337	390	55	123	466	50	1305	379
40	195	125	31	328	700	109	904	173	242
367	17	228	1010	102	239	448	709	777	965
62	18	280	807	135	128	390	753	677	526
68	57	259	468	46	91	113	104	230	988
3	127	16	69	763	187	199	1328	125	951
16	327	73	32	850	132	272	627	781	1541
76	263	1239	114	515	54	778	164	3956	128
126	29	28	555	1579	282	492	960	710	89
68	292	12	161	419	338	94	200	1369	75
196	45	373	264	188	368	593	222	328	1083
98	146	567	1108	76	540	785	470	551	143
149	70	293	146	276	345	87	325	96	900
269	180	316	378	295	678	464	5368	213	373
23	205	18	34	257	536	758	157	183	1282
152	119	342	99	122	418	707	1855	2104	1119
84	13	22	286	34	572	487	164	831	247
22	44	54	16	78	310	680	388	914	182
24	195	82	424	310	369	473	310	5511	3708
79	28	33	224	378	357	27	480	931	1144
9	72	148	772	570	501	616	461	656	640
14	92	95	504	650	133	122	905	175	159
103	185	112	367	184	146	63	1065	172	1048
196	59	421	689	333	111	1847	59	690	606
2	65	407	819	600	444	767	583	1387	1013
53	72	298	30	46	713	383	112	767	111
15	46	282	19	321	568	353	155	251	85
68	14	167	128	512	205	689	330	390	944
37	170	325	58	143	249	608	521	15	744
48	9	236	446	41	84	567	812	1202	556
53	172	31	409	456	333	134	404	184	488
114	120	216	226	273	44	525	560	186	116
23	83	214	343	160	496	609	105	251	403
87	29	85	190	22	375	610	275	73	711
60	52	183	16	458	281	79	727	692	1196
85	3	629	328	355	128	392	80	281	399
65	21	489	519	594	181	535	461	333	440
12	38	336	402	109	225	282	613	740	481
24	1034	388	479	324	213	429	68	848	836
5	190	47	416	287	812	335	165	1675	813
93	31	41	161	161	561	75	64	767	330
52	35	289	113	574	607	149	744	233	63
75	26	504	61	24	310	607	1785	74	2065
12	171	81	35	436	253	1069	3371	958	1030
3	11	292	15	43	278	70	1057	274	733
16	310	189	321	27	365	298	670	355	543
33	205	181	69	393	183	127	340	1998	74
9	187	204	318	141	854	396	174	856	476
51	15	62	473	4607	399	657	613	1023	95
49	204	18	381	67	174	483	580	685	1280
61	62	34	53	158	349	586	750	477	66
116	117	8	121	350	333	60	695	801	215
80	153	222	75	248	284	469	78	546	1241
75	53	321	337	195	473	80	595	714	87
113	119	116	179	297	584	180	369	634	778
118	634	412	333	388	285	475	762	791	392
61	111	140	345	343	839	702	104	744	342
56	49	33	318	544	563	136	65	707	125
43	46	73	135	69	861	566	87	434	1007
80	32	220	924	74	185	885	250	753	670
288	39	255	274	120	132	348	668	852	187
9	56	367	25	611	103	1363	288	322	790
9	97	407	496	172	251	153	69	1189	608
8	49	475	467	494	120	49	332	779	583
7	102	175	339	242	471	406	103	506	223
4	111	347	386	54	5497	655	233	925	33
20	17	88	279	116	229	823	375	274	1757
33	237	119	34	327	409	333	753	222	494
30	169	116	264	320	581	545	986	889	665
190	129	281	407	521	45	50	615	896	1295
42	184	286	32	298	303	601	1997	402	901
33	339	535	176	558	187	379	391	394	158
183	24	219	240	497	157	1068	866	350	772
97	72	71	61	43	152	594	483	131	1397
72	12	216	228	160	84	177	1601	153	84
9	71	89	110	436	49	351	112	510	40
24	80	37	165	393	167	325	580	777	2995
8	38	272	304	409	268	74	799	641	834
183	237	17	16	627	246	632	885	143	760
49	25	271	42	294	618	203	387	955	1043
77	13	252	322	200	618	43	722	1356	564
111	71	206	565	31	62	205	602	930	349
39	114	395	243	283	65	676	39	92	922
48	166	323	77	212	162	296	335	473	879
191	17	113	451	46	1780	142	331	982	127
122	142	23	106	22	538	173	585	756	713
51	110	129	364	48	545	170	194	294	58
82	12	11	376	185	96	466	108	155	995
1363	39	143	347	163	341	230	628	436	379
93	45	206	91	1628	211	590	593	1509	197
13	74	166	220	35	504	60	566	107	244
44	29	83	399	70	680	401	134	355	696
159	390	317	242	256	203	944	648	202	62
12	111	212	888	2635	431	1116	156	571	96
8	78	440	551	320	919	542	1839	447	238
56	57	54	23	38	70	302	175	1458	772
143	74	30	118	436	579	62	374	82	696
8	99	75	68	577	153	1483	59	459	401
70	26	55	717	468	339	55	421	650	214
96	295	80	94	136	386	53	1579	224	668
93	75	39	1089	148	341	182	736	758	498
29	48	191	320	329	695	40	82	698	3630
15	90	33	277	690	743	352	323	737	1437
128	14	45	36	362	415	48	585	69	989
83	83	72	68	449	1507	684	339	333	1886
10	189	166	363	300	171	5922	144	1426	425
18	165	888	170	236	158	497	1034	2420	158
101	190	136	362	357	304	152	548	324	834
10	124	68	39	289	413	865	656	892	74
13	166	132	800	44	799	126	415	214	256
60	180	239	296	410	643	375	263	77	862
104	30	232	169	293	65	61	740	513	556
5	24	295	338	414	255	220	493	650	612
96	250	294	169	807	229	112	187	91	128
103	34	240	224	532	76	318	660	1198	276
11	167	278	71	415	531	203	547	726	88
87	196	608	156	325	561	384	90	84	393
36	82	49	137	39	183	455	672	638	79
69	96	140	620	81	412	1820	600	74	135
324	52	488	84	53	42	30	440	174	708
23	42	342	346	391	844	164	766	190	257
27	144	29	54	53	28	62	503	92	348
11	114	168	78	405	297	404	137	227	1010
1	60	266	179	164	404	586	527	590	238
36	170	308	318	77	46	313	94	134	366
3	219	64	214	305	103	462	249	459	1082
46	45	170	70	528	116	272	678	628	410
92	78	171	178	58	147	85	127	611	758
111	186	63	201	322	287	290	461	220	492
33	23	56	221	473	38	134	219	872	702
23	7	501	87	308	73	172	783	276	750
41	176	212	32	351	98	760	1213	652	1316
54	125	289	430	583	127	65	232	369	648
3	16	390	62	84	50	115	83	78	106
22	213	121	155	424	471	328	2322	261	255
72	208	274	359	129	317	1769	1734	1423	104
7	13	70	59	540	666	278	68	628	304
55	246	554	434	64	151	734	73	866	991
66	98	382	163	114	128	64	241	2312	877
141	14	185	233	336	56	107	86	390	412
6	123	76	662	74	99	58	574	706	289
101	18	98	93	163	442	51	224	41	64
76	45	194	88	30	591	201	94	910	226
6	136	84	52	224	736	747	551	245	3663
154	226	47	16	22	512	208	712	96	572
8	21	20	408	1919	531	98	679	1060	130
321	22	94	602	122	259	815	372	197	836
109	10	85	80	370	424	1171	59	964	2849
86	299	225	256	16	655	335	373	650	793
59	159	343	496	32	473	627	186	1805	463
41	87	194	65	430	566	1769	78	325	1207
59	83	590	296	691	141	546	75	426	362
159	205	78	373	52	730	1563	618	216	416
72	146	165	191	147	590	221	688	673	519
34	88	83	27	561	441	1038	156	568	100
85	31	280	350	220	92	651	290	91	536
22	64	69	101	959	584	476	1049	355	594
6	145	1062	73	69	215	176	832	668	1046
83	152	169	222	418	153	519	56	66	844
18	58	95	296	227	116	777	500	372	782
4	61	236	619	154	545	848	242	347	105
34	184	9	368	188	545	577	726	109	734
77	249	289	245	52	93	142	126	369	212
17	18	131	219	49	230	530	167	743	758
1204	19	19	386	482	487	524	791	560	987
120	99	278	30	390	848	68	419	363	348
28	533	279	52	41	72	1152	481	681	427
29	111	9	62	419	42	60	649	620	956
12	8	255	238	276	59	771	727	99	811
15	165	135	422	50	250	1099	309	73	198
52	580	10	258	31	490	725	697	119	793
33	159	169	169	88	518	67	540	84	199
19	343	138	166	119	60	759	188	446	193
12	64	630	341	131	141	37	654	60	640
82	69	377	327	103	209	512	190	793	771
20	10	374	112	148	769	460	424	2589	206
23	7	130	342	289	133	77	862	57	1286
84	258	125	522	391	152	526	1070	164	856
132	115	519	82	100	312	296	580	433	551
180	398	73	108	46	71	519	882	1359	400
57	299	117	344	880	70	336	577	523	436
76	108	80	176	458	3	19	1536	63	94
157	227	34	433	80	1694	323	1345	417	310
11	311	240	18	144	702	54	200	504	370
2	50	157	347	70	589	101	112	602	862
15	11	330	155	195	230	369	806	727	715
53	202	206	29	300	574	1612	197	719	417
24	27	30	265	46	191	57	633	476	88
63	25	346	254	413	265	91	324	291	178
52	48	11	347	301	811	182	875	3107	111
69	123	110	43	66	761	728	248	1227	441
15	415	34	451	187	557	83	1160	46	410
37	225	200	27	379	254	152	775	929	666
25	139	13	189	423	629	1725	658	739	803
96	7	91	25	322	87	400	874	860	867
22	132	178	466	419	849	145	2220	469	2345
18	48	52	29	308	131	914	896	264	232
48	91	190	558	60	546	1120	458	879	96
47	19	232	336	350	387	112	871	888	239
90	71	23	42	52	37	111	40	118	668
31	13	101	288	230	583	797	75	450	1162
919	69	293	155	377	328	261	704	1674	229
2	169	58	31	980	220	86	62	107	851
18	109	183	339	320	568	539	212	370	173
87	96	17	238	257	544	736	101	187	1470
271	28	172	26	111	472	62	797	735	718
169	288	125	39	225	50	372	339	816	550
140	132	12	30	449	77	664	372	458	272
147	181	494	286	611	425	199	170	212	267
6	90	292	149	345	44	4625	93	85	786
11	165	287	296	193	719	795	208	379	2179
17	62	87	147	190	129	573	210	302	596
18	44	32	428	121	825	426	662	139	115
309	23	6	391	255	75	81	89	495	956
10	101	25	80	299	150	795	452	187	1236
34	37	349	322	1371	365	538	108	111	436
11	33	11	95	137	274	545	619	218	1720
7	29	11	148	222	288	26	484	373	955
