0.1 percent	0.2 percent	0.3 percent	0.4 percent	0.5 percent	0.6 percent	0.7 percent	0.8 percent	0.9 percent	1 percent
25	211	192	146	58	365	648	296	268	439
127	145	81	283	880	139	260	746	142	92
96	116	259	112	42	186	179	195	234	237
38	125	215	98	310	713	513	98	281	420
40	22	57	405	33	577	283	550	465	96
8	19	224	625	27	52	423	360	108	175
155	178	129	87	621	33	690	180	730	391
11	109	41	360	293	101	550	645	420	989
52	166	29	209	15	677	231	114	499	2182
91	112	311	236	410	306	95	309	680	98
55	166	694	138	262	623	135	857	1486	244
172	169	42	36	48	76	392	60	460	972
28	100	15	0	133	122	146	259	424	498
17	258	236	545	442	561	151	56	838	263
75	144	135	47	13	462	71	384	388	741
150	32	177	361	157	1706	56	564	133	743
3	198	45	122	398	157	360	261	2444	112
34	119	257	289	3811	108	1334	195	285	396
85	242	49	171	115	1458	1005	136	193	801
105	71	338	22	38	159	64	57	1212	767
59	102	205	77	72	258	171	1696	790	910
44	22	4	204	408	304	52	45	616	686
47	18	43	17	370	40	55	587	94	475
83	8	30	1020	306	1841	531	587	539	712
27	26	104	127	29	168	260	903	93	736
16	39	105	1331	210	399	321	696	1341	669
14	279	572	124	527	212	87	52	260	1046
215	175	125	41	39	183	38	614	686	556
23	315	180	837	45	337	334	227	295	84
87	76	62	784	380	243	180	311	72	696
24	706	269	133	123	211	296	374	450	111
110	168	76	1096	273	593	89	612	270	683
6	103	155	122	456	176	283	524	550	382
29	14	26	1512	233	458	534	646	251	1238
31	8	62	33	578	32	341	646	1763	389
18	16	141	251	513	519	309	839	747	56
45	37	9	707	276	319	695	584	235	274
77	234	90	74	234	317	183	683	444	640
21	134	224	305	155	1063	518	754	787	363
3	118	43	789	23	207	73	713	707	1050
177	72	105	110	433	508	145	214	729	74
7	246	1092	367	449	46	368	821	112	817
150	157	17	51	128	228	509	23	241	399
131	145	25	242	44	49	84	438	90	719
38	306	178	44	473	318	196	1404	705	950
32	89	143	345	38	154	2025	458	1307	2168
25	299	94	32	390	65	1214	95	89	812
47	6	156	49	658	86	298	404	209	203
304	230	173	52	137	2204	231	32	100	199
21	114	230	345	614	430	271	2038	696	88
20	262	120	158	104	337	257	1094	1150	1799
72	104	53	182	92	242	318	2425	146	1599
8	183	24	34	400	1804	678	1048	975	1106
63	21	41	311	80	473	69	289	68	2367
114	113	1416	359	546	103	515	2455	812	104
88	179	150	17	762	157	72	1016	492	802
74	38	34	64	39	26	341	627	297	896
113	25	181	517	356	106	245	627	283	606
15	30	281	235	171	345	146	226	223	356
81	153	69	239	865	65	201	406	2076	143
226	18	32	25	326	74	42	123	1024	444
122	10	28	156	69	777	608	73	172	194
27	73	151	17	214	282	178	103	472	588
17	16	83	31	421	235	472	409	555	165
65	22	3	143	462	76	165	427	2303	354
69	217	242	316	57	137	124	1013	184	191
31	113	68	53	642	241	90	499	341	1043
1	84	241	30	538	233	586	85	389	886
25	68	4	520	448	300	54	408	560	1139
49	10	344	386	382	175	313	497	1229	182
28	39	167	366	516	134	172	604	764	484
22	228	183	129	382	224	554	352	6130	428
15	37	294	499	45	560	109	820	537	2354
38	30	20	133	399	527	363	76	322	83
18	30	24	45	285	502	416	477	542	376
42	185	170	165	204	207	155	761	819	721
15	204	251	396	546	615	610	801	303	223
3	85	349	411	333	256	138	46	1671	72
183	73	301	74	557	502	780	201	286	924
29	33	59	289	375	129	459	424	187	1193
25	12	180	61	663	140	67	2106	99	204
372	88	147	310	314	152	350	90	221	789
17	286	176	51	362	435	748	121	707	847
95	104	146	407	100	703	132	179	845	508
92	195	148	376	62	458	622	74	792	928
70	91	25	321	534	92	302	679	205	1439
29	317	174	103	351	34	82	429	383	222
27	109	163	234	390	423	74	237	285	482
19	97	114	22	498	659	759	533	386	2279
16	150	96	83	93	613	45	109	948	103
81	94	185	172	58	209	849	2131	689	1250
41	205	1523	24	280	118	513	762	1008	933
122	33	123	239	1368	443	109	2267	175	3367
67	71	122	189	158	400	121	306	143	646
9	8	55	520	453	40	612	2324	681	2006
11	273	251	529	36	91	319	768	816	962
15	14	28	153	28	427	318	304	780	1479
132	13	63	23	127	507	380	389	135	407
69	174	166	340	395	527	961	39	1264	114
46	145	372	76	863	533	70	338	794	123
30	38	361	69	108	421	1448	653	580	202
63	210	267	604	583	696	205	766	72	1003
92	35	121	21	220	904	862	308	83	1399
110	45	94	441	128	338	779	837	684	68
59	175	127	119	118	240	452	382	246	108
45	159	64	1024	504	286	32	126	1050	2527
30	11	111	400	332	250	373	220	787	1289
36	152	48	15	227	167	352	99	906	765
103	108	78	600	997	467	562	456	805	598
197	249	121	472	512	61	117	180	495	895
22	104	261	356	329	278	577	316	1261	95
6	458	85	50	358	256	512	548	146	879
24	68	16	271	681	933	358	387	1492	739
18	59	20	563	337	1070	361	633	76	42
36	15	250	71	447	355	74	84	95	447
214	15	109	37	284	478	724	393	1698	366
157	87	65	376	288	74	550	1259	658	910
8	714	317	399	487	470	623	442	384	956
5	84	267	55	30	341	76	273	464	444
55	128	23	19	439	29	142	589	317	428
38	18	289	35	861	401	554	185	454	631
51	206	125	46	42	36	394	529	114	1013
64	65	293	179	156	469	528	706	323	495
102	18	10	267	63	325	57	2521	975	820
9	156	249	840	599	198	462	450	123	619
21	96	442	36	145	421	786	87	41	807
41	52	261	621	71	118	181	727	152	650
53	164	77	85	557	119	364	190	1287	703
5	690	45	49	111	240	58	250	711	942
262	27	35	47	252	65	86	70	1427	183
132	11	121	54	3226	1956	707	104	158	797
148	20	620	268	455	390	803	292	482	94
45	2	89	286	517	261	210	308	926	118
91	142	44	55	51	681	524	41	592	228
118	17	179	54	930	207	220	369	156	578
96	14	267	138	495	83	660	269	460	362
94	176	68	636	23	911	71	642	80	65
77	126	43	109	1793	624	188	489	1026	619
71	137	168	221	65	396	793	51	588	221
11	160	286	322	411	42	42	1539	368	105
12	59	246	154	339	52	1182	631	462	979
19	240	46	59	172	23	182	305	469	56
74	85	230	152	43	1994	966	1095	56	258
62	151	117	232	89	139	458	295	356	156
40	33	231	192	126	407	628	683	2650	540
36	103	66	333	767	36	155	712	255	811
161	82	43	160	589	1919	171	65	339	118
47	94	190	757	96	797	232	229	690	981
88	61	249	219	245	72	281	244	262	646
198	13	53	320	139	51	382	460	423	834
166	151	231	861	318	396	930	366	696	1134
4	23	47	383	152	281	520	543	422	100
56	121	11	135	398	207	436	61	2260	208
13	150	261	503	127	438	496	321	144	865
71	131	116	17	47	168	614	425	69	832
32	29	47	132	62	530	590	415	538	1254
211	237	444	335	21	67	157	663	277	344
30	34	137	56	513	426	867	228	88	52
41	57	205	326	334	564	233	434	361	201
25	27	18	84	57	674	271	745	343	1145
37	170	59	239	25	50	387	736	282	243
72	91	320	417	40	39	565	88	469	892
18	146	296	1661	293	1748	369	86	413	676
2	30	232	54	227	1628	626	2386	795	459
19	256	310	47	352	162	647	121	420	942
9	110	41	120	363	356	781	78	333	860
95	22	375	199	46	421	1170	846	292	111
101	260	46	58	407	33	117	1593	211	202
78	8	46	125	92	494	957	428	531	582
177	60	446	219	540	54	582	12	304	318
45	31	382	213	281	299	469	929	101	681
59	143	320	1210	483	1671	387	71	2215	1213
90	109	272	113	1027	73	764	497	860	1572
65	32	307	573	40	504	191	690	462	163
113	400	203	114	283	36	500	664	731	486
8	153	66	256	252	961	61	491	158	111
49	117	212	62	582	388	82	78	69	1572
17	104	82	8	563	358	77	508	461	469
40	25	38	261	378	605	93	325	744	1561
92	73	134	94	62	185	88	1311	866	108
41	14	27	324	18	498	791	1775	224	72
64	35	340	202	33	422	403	439	496	812
21	166	186	602	9	584	58	208	630	1075
19	210	349	378	375	727	472	1605	2682	864
107	77	0	26	588	940	59	421	546	970
16	197	175	189	79	612	741	141	582	66
101	29	791	22	452	145	462	424	723	115
6	254	313	224	545	2009	370	637	111	428
75	126	47	138	1247	385	487	145	988	248
5	151	16	238	1313	436	470	411	88	530
8	50	33	189	85	309	339	632	548	1482
4	120	269	48	404	135	78	363	563	156
89	10	140	644	1531	539	33	679	611	192
44	56	339	28	214	562	28	676	635	125
8	89	1392	19	575	151	145	496	221	746
36	30	75	73	884	68	1092	555	187	880
83	76	37	156	23	581	742	176	2004	434
9	47	90	238	320	99	197	721	1139	803
5	86	26	241	289	88	1235	175	750	675
148	35	362	16	565	180	374	1221	68	816
46	53	27	150	61	137	211	401	453	597
43	21	60	306	91	252	543	347	870	728
83	63	104	800	200	112	404	94	128	279
93	46	112	601	1804	78	376	1051	1303	639
19	85	233	614	451	518	283	196	596	88
7	205	156	353	618	518	568	120	1159	85
144	250	104	158	534	267	73	266	908	391
2	32	256	333	65	248	365	706	540	193
73	62	136	356	262	301	35	553	83	414
62	8	336	32	104	501	1139	412	252	232
6	261	623	652	220	368	551	72	96	345
45	34	198	123	191	566	433	1201	250	299
12	167	250	332	443	501	1100	576	2099	435
10	232	261	310	230	324	796	90	438	240
195	75	335	150	46	129	43	71	1427	146
16	180	43	404	396	205	1346	414	324	224
177	185	138	460	423	500	830	79	98	673
10	24	24	280	56	439	39	732	317	970
59	43	40	366	73	475	585	175	182	786
105	359	92	476	264	200	987	384	695	201
50	172	326	79	474	558	124	537	760	712
11	29	169	178	115	156	253	795	2269	1344
1	40	41	132	218	317	183	747	163	922
53	9	16	40	111	2	171	428	136	489
98	315	342	97	57	424	737	80	1387	627
42	223	271	26	613	89	192	150	518	77
11	175	253	1195	545	110	1319	858	488	1127
20	238	162	77	179	535	206	141	88	105
26	855	1042	0	36	196	65	1179	459	2250
266	189	14	18	477	387	461	932	201	239
4	73	282	65	428	1126	177	653	922	159
91	16	280	299	192	250	301	218	291	798
21	94	43	38	202	427	498	562	448	251
41	878	289	385	64	62	46	689	886	242
46	142	41	167	488	502	595	232	449	60
27	196	181	345	708	2389	259	258	52	2821
49	144	365	289	551	375	211	235	226	271
3	155	238	286	152	573	1743	747	685	116
42	53	92	224	471	841	62	1745	405	343
53	75	278	53	228	1241	332	82	163	508
23	670	27	59	817	849	63	176	151	529
58	76	42	84	95	106	639	328	1051	488
25	235	313	43	282	372	223	717	204	781
16	81	32	305	110	275	246	87	1968	125
72	325	46	227	99	29	370	830	1061	1157
8	66	98	164	611	126	580	855	762	2944
143	58	541	479	115	628	1086	348	210	396
9	141	23	18	953	125	730	667	534	267
111	184	25	135	131	658	215	1204	1428	626
23	37	91	119	424	172	474	179	204	645
77	24	24	156	423	54	678	34	230	218
43	88	222	415	18	251	358	421	513	715
130	45	314	14	3229	365	626	1270	217	574
27	82	22	172	412	102	269	242	747	1034
5	151	20	285	449	69	146	1094	187	704
162	39	136	109	143	292	159	48	239	336
94	35	0	435	118	387	37	858	371	1738
69	61	307	36	260	498	324	519	153	363
45	13	201	406	19	60	217	229	222	742
22	121	19	130	401	641	65	232	512	464
34	41	270	301	224	483	69	411	212	928
31	50	84	344	491	644	599	862	187	614
142	254	381	119	55	1117	116	680	134	1260
15	120	439	735	1719	609	1494	63	746	367
119	190	12	440	476	137	596	827	1453	287
99	53	36	273	404	515	524	430	400	77
9	5	304	334	83	200	653	164	289	699
10	20	219	297	666	93	183	709	817	1078
43	46	61	167	79	438	180	81	851	781
7	123	48	166	708	92	314	1588	131	78
8	38	252	59	614	597	479	1113	854	522
8	175	51	294	281	231	304	653	1806	952
23	158	81	405	610	364	298	485	448	1263
106	43	271	118	93	277	74	567	877	287
123	104	103	458	72	202	194	98	188	1279
0	65	37	69	30	33	1100	717	1010	249
27	75	816	293	463	194	147	754	699	836
66	121	405	61	375	531	105	936	127	597
36	164	48	365	234	300	631	584	153	93
14	61	175	49	366	296	149	723	85	167
53	37	112	372	148	461	672	743	815	604
7	23	133	187	273	42	478	95	110	587
29	48	22	261	306	580	150	1392	156	1274
101	49	55	43	301	1059	513	62	982	1009
65	14	164	115	21	67	352	595	779	91
52	44	877	47	374	233	211	678	1072	169
36	32	302	166	3688	203	447	92	240	136
29	11	92	64	135	114	310	221	194	388
23	26	423	351	102	672	764	1264	507	884
8	35	147	164	503	229	688	160	272	595
111	312	119	218	237	165	178	491	166	173
35	203	259	571	776	178	492	75	192	714
62	133	42	255	31	66	474	85	83	748
26	362	246	154	48	37	1006	110	70	400
202	182	204	171	494	394	449	252	1567	500
73	77	96	102	478	558	334	1200	712	996
62	105	180	114	409	298	618	66	1679	716
21	168	154	860	119	324	132	1240	847	77
68	70	51	487	446	409	1268	767	321	876
37	73	497	471	404	535	38	427	211	1116
64	137	18	50	1413	957	2056	571	309	525
20	13	317	227	502	124	135	643	766	930
64	134	860	625	314	88	58	83	223	204
30	239	183	64	810	75	2649	456	411	156
38	14	127	44	902	416	561	480	70	2598
36	191	114	576	236	260	87	105	188	1024
14	36	161	614	544	2958	343	195	61	1221
36	32	62	157	48	380	51	644	244	869
373	108	177	500	829	502	940	720	1853	4715
136	94	137	235	478	33	537	85	622	138
110	78	41	672	205	614	167	299	1675	369
49	107	60	309	1170	592	157	185	666	477
14	37	24	723	2942	322	693	300	436	1066
40	95	25	31	153	300	63	191	220	433
93	235	67	78	103	304	298	568	703	794
1	116	1627	521	876	43	160	181	496	586
23	329	157	304	481	145	746	654	949	269
8	24	347	13	4489	492	86	697	48	614
78	21	68	142	439	274	79	653	323	466
31	32	569	952	415	448	129	87	449	512
32	121	872	289	549	54	1142	513	86	135
48	24	175	105	89	381	150	617	828	379
154	32	260	50	41	116	182	632	792	111
96	155	28	141	466	29	306	203	111	633
137	182	179	234	297	130	1186	614	2697	808
34	185	43	438	910	269	173	159	322	532
1	2	157	205	209	57	479	32	265	80
61	124	124	36	44	505	810	547	798	1226
59	466	256	133	275	187	762	760	205	128
159	48	285	78	806	110	1809	2146	679	1826
125	114	169	102	416	339	50	245	42	574
16	3	272	72	1119	323	175	732	112	2311
121	49	79	253	977	428	381	111	450	103
151	189	67	1728	237	55	600	92	911	228
4	104	27	217	269	317	163	532	666	449
131	66	361	193	442	494	759	215	429	108
6	26	221	111	62	502	1830	446	830	775
23	40	564	32	543	269	523	216	376	87
17	29	25	364	308	594	48	339	976	121
43	173	423	394	281	72	588	919	294	646
13	85	142	31	462	233	382	89	336	445
43	231	320	301	220	61	214	782	774	867
126	83	41	359	254	456	2078	62	185	955
37	113	288	366	115	193	74	738	723	856
39	63	198	262	82	100	869	728	715	201
32	118	48	830	241	255	288	421	1057	934
112	589	26	337	103	459	701	1015	151	504
93	16	125	18	284	542	26	280	77	124
34	15	290	52	195	238	633	67	436	250
7	81	74	297	317	508	54	559	206	2510
28	446	238	164	667	4936	71	1287	354	213
21	21	103	380	249	125	110	70	266	772
9	204	15	814	437	248	704	617	238	311
95	129	215	363	58	90	474	405	330	607
152	52	184	1118	114	153	360	738	519	249
190	175	114	46	60	1550	380	1657	546	421
65	359	527	63	23	168	602	216	771	77
7	0	41	53	209	165	1011	707	274	1316
149	193	107	566	75	604	1515	51	899	775
44	101	76	391	685	57	355	1312	698	882
10	19	149	828	332	55	219	423	381	625
50	27	448	129	340	461	45	505	433	1019
32	35	22	86	92	110	1052	792	597	110
9	43	106	611	158	489	505	52	250	168
8	247	160	365	631	289	584	104	869	233
10	298	309	33	859	573	125	448	157	602
6	164	940	33	459	255	657	559	805	114
17	70	235	82	212	205	43	773	1234	702
43	212	385	301	35	1788	543	505	150	1358
66	220	163	51	139	648	136	2632	676	1284
34	131	26	17	457	236	102	310	73	397
62	204	109	1263	316	108	356	2149	359	790
38	21	198	1017	290	0	752	2091	712	604
99	12	49	436	997	380	2021	1470	238	574
58	8	147	291	160	848	364	57	315	231
24	31	29	219	388	257	48	1263	469	1138
91	70	184	136	272	1412	118	70	474	1367
55	12	414	115	565	522	369	376	113	665
146	86	100	217	367	135	226	421	905	473
14	77	95	220	48	398	572	77	894	264
5	91	92	452	166	496	378	1160	2249	196
45	57	240	532	147	234	583	360	181	457
52	227	72	144	471	52	1490	420	839	77
46	493	314	34	1293	327	609	196	744	235
44	18	236	583	231	155	576	294	488	547
30	102	329	470	208	391	752	356	90	210
110	2	192	352	528	334	106	1941	1122	900
6	22	79	135	40	715	156	584	1283	125
68	114	76	469	186	402	321	236	283	392
125	160	540	33	366	291	148	701	205	679
5	153	118	162	318	690	370	62	3036	994
0	109	119	55	75	164	249	265	556	590
99	110	76	68	68	291	645	551	92	781
24	72	246	140	48	188	615	699	818	1471
119	28	201	130	404	970	641	215	699	226
17	192	33	474	135	448	740	87	348	789
31	78	42	97	175	814	72	37	835	108
85	58	41	405	334	420	492	220	2053	474
52	68	123	243	331	1049	542	108	4955	910
19	23	78	148	157	409	667	483	83	105
43	223	24	138	132	145	623	431	534	374
16	75	162	462	1328	60	267	431	198	921
75	130	38	111	82	137	394	332	95	105
223	84	236	157	489	1177	42	457	101	213
14	248	138	372	180	228	338	183	485	784
65	147	22	539	375	315	265	469	584	512
33	139	29	414	347	386	248	1160	292	87
57	21	134	409	342	370	513	1170	138	926
127	39	80	58	2548	91	226	750	801	85
26	40	269	364	78	433	530	390	671	1222
13	302	192	817	151	377	346	190	1423	126
47	42	302	91	657	19	381	177	2756	498
112	326	16	161	92	73	145	119	349	575
15	127	455	30	46	340	825	59	396	803
26	2	58	19	674	1271	985	479	529	82
111	24	19	74	150	42	889	2309	1152	132
179	157	78	195	182	196	716	512	1039	135
104	87	153	49	171	509	1224	2152	448	364
24	80	4	611	736	319	378	397	124	1230
57	34	34	294	480	494	195	615	130	914
9	16	299	283	273	685	454	696	57	600
8	40	196	100	1602	676	512	1197	1336	1081
110	99	249	542	370	37	77	572	363	481
129	287	531	373	41	55	46	173	904	6276
73	227	114	534	618	282	682	1002	70	788
166	87	376	300	394	314	188	1418	159	465
17	33	111	211	43	224	461	260	542	905
6	43	209	367	327	540	66	724	238	1104
104	118	29	33	141	322	3353	200	167	163
108	58	496	41	236	322	624	153	941	92
46	16	277	382	214	769	86	128	544	923
129	184	46	418	321	998	300	1548	2289	503
454	888	53	58	91	278	128	312	532	1091
160	86	285	212	103	483	270	772	333	260
73	20	208	28	141	59	596	495	415	957
27	24	269	60	150	129	455	301	86	943
86	116	284	220	45	22	1584	152	79	268
8	35	45	207	533	31	61	187	248	700
32	73	203	567	110	260	560	654	1098	717
59	56	16	338	967	706	449	589	414	591
49	78	128	33	627	167	432	985	1665	403
28	212	24	11	170	156	212	779	38	205
177	8	210	115	501	303	768	350	941	5300
11	0	244	54	103	259	586	345	755	704
84	70	74	126	170	83	682	94	125	100
29	136	327	339	273	393	266	287	75	237
153	235	60	1117	595	430	75	133	91	607
22	272	53	313	69	683	396	265	779	434
9	74	273	512	29	181	362	590	710	1589
248	53	1439	303	50	302	451	88	317	770
31	175	62	91	618	219	622	77	170	119
1	7	69	69	227	138	92	355	787	914
19	45	174	174	366	247	161	150	100	958
46	67	38	166	497	491	394	351	844	149
18	12	63	105	252	401	759	217	103	480
117	372	426	319	34	3408	151	637	1318	513
39	711	341	125	271	34	350	242	2613	670
111	13	77	131	439	21	759	143	647	298
40	39	36	37	267	30	281	714	212	81
89	92	42	198	279	200	130	555	451	431
53	105	72	248	66	62	195	423	794	202
5	48	33	180	106	68	884	108	793	2480
21	472	54	372	360	250	414	351	469	189
57	64	1032	17	379	163	1564	2119	596	870
75	11	318	341	370	301	96	99	866	148
8	496	42	1002	46	122	644	630	172	1894
44	155	527	197	191	207	704	266	1296	903
59	4	79	615	849	245	302	177	83	118
148	203	608	222	10	510	535	385	336	289
97	21	234	261	55	3	89	725	80	313
101	14	45	52	42	173	557	624	235	206
38	147	130	104	79	866	317	470	2256	113
18	375	219	54	149	191	967	808	901	826
44	259	83	92	66	263	600	346	741	618
10	21	560	189	564	303	663	2601	876	173
22	107	24	421	306	344	1352	3076	563	791
30	21	73	73	553	217	1175	631	159	229
80	68	206	194	344	345	33	1094	50	525
153	143	35	288	345	296	266	80	745	521
11	29	72	307	194	84	1243	71	487	387
11	69	168	233	183	1620	666	181	194	656
87	108	45	29	1501	1047	173	534	922	510
67	16	44	257	185	390	215	302	130	22
114	92	314	183	373	47	587	1017	79	612
45	263	29	219	380	85	7	187	125	242
7	45	230	579	522	490	823	502	701	474
55	103	111	424	724	142	143	163	815	1070
3	235	283	877	96	593	628	85	45	285
10	61	118	239	420	427	184	290	212	425
16	133	62	318	88	674	658	86	157	106
43	34	205	243	313	173	114	1578	671	119
7	78	805	181	39	646	660	196	867	756
29	15	279	337	398	123	65	49	115	66
70	34	28	77	21	381	212	793	463	1279
17	134	203	185	224	45	698	287	578	773
181	16	12	166	62	475	438	59	788	223
105	266	170	539	343	112	676	87	175	154
106	94	985	57	172	83	213	610	348	475
98	7	226	57	49	542	1199	848	186	145
9	39	27	225	67	441	48	801	623	454
