1 NN	2 NN	3 NN	4 NN	5 NN	6 NN	7 NN	8 NN	9 NN	10 NN
105	113	153	237	126	227	265	460	131	100
111	105	232	123	325	480	104	305	114	342
115	112	105	121	217	283	335	143	230	341
116	126	224	515	275	103	487	520	240	311
119	101	147	103	197	320	100	477	552	338
122	105	107	216	256	219	308	116	339	104
138	211	131	101	282	100	307	343	238	209
106	110	265	213	353	520	306	100	303	591
176	128	102	238	100	156	325	241	127	368
108	123	113	105	316	241	215	414	595	342
111	224	200	139	341	344	100	141	125	631
173	208	138	111	107	239	122	100	507	530
107	117	215	346	109	105	315	118	234	103
123	218	262	247	396	315	112	120	242	211
120	259	111	246	300	406	273	101	149	126
105	111	207	234	228	347	339	248	357	205
139	164	255	300	100	114	113	151	421	428
117	202	100	225	162	144	101	434	253	101
112	135	107	103	235	431	268	111	538	266
125	142	101	224	314	218	251	511	403	100
200	106	125	234	100	215	101	349	330	102
103	216	112	260	100	154	526	103	115	196
108	154	259	370	373	140	440	396	210	155
115	223	222	117	359	550	115	337	124	295
106	302	228	214	210	432	290	101	476	363
104	253	234	212	146	222	227	136	111	321
111	185	102	106	138	341	319	181	118	333
124	237	242	251	308	239	336	107	141	189
111	126	102	115	111	281	248	116	623	117
124	212	218	366	416	116	211	250	148	108
116	225	134	110	502	370	109	127	466	216
110	298	124	106	104	125	353	801	100	403
115	148	190	413	110	328	197	109	101	327
103	115	411	399	266	398	102	111	212	570
124	175	277	330	100	175	418	231	419	100
102	103	262	114	401	293	341	303	341	671
112	167	178	113	172	340	329	154	253	319
141	111	212	295	227	422	107	331	488	436
133	262	309	197	512	105	378	101	562	260
115	220	242	255	439	483	369	387	530	322
128	190	214	129	221	102	439	208	147	104
140	134	218	216	202	101	239	386	336	321
120	197	100	169	264	114	240	263	131	331
144	223	189	102	104	111	237	100	221	111
127	126	100	111	170	341	234	109	389	101
117	122	323	221	146	548	248	553	354	478
137	219	122	111	391	462	331	446	109	538
130	116	199	334	208	101	400	111	102	461
106	170	300	109	198	143	261	339	326	101
196	167	274	106	166	242	147	243	105	106
127	122	431	143	318	337	344	174	218	385
127	150	131	213	222	214	383	594	244	400
116	121	136	106	203	315	453	402	349	345
105	229	100	129	389	391	219	302	104	434
144	245	358	209	422	318	336	224	109	228
120	331	302	442	168	367	283	205	113	107
184	308	213	368	110	101	281	482	265	353
117	242	100	196	101	198	318	218	460	103
171	243	208	101	136	105	354	417	101	143
113	101	237	135	183	200	427	350	104	106
102	228	115	232	313	100	316	212	430	283
105	104	265	326	102	320	107	153	346	433
119	112	122	100	104	426	365	214	463	602
127	210	291	376	285	261	103	184	249	223
110	314	109	224	216	163	546	116	631	267
103	109	431	219	107	344	506	233	380	464
119	213	346	117	111	328	414	103	427	284
107	211	119	225	133	217	116	234	238	371
103	239	210	225	101	125	492	103	151	133
115	189	186	105	182	106	219	375	387	261
104	265	103	102	493	100	418	440	308	101
147	105	176	128	206	211	366	128	105	101
111	141	125	103	294	114	281	206	456	217
110	118	328	453	328	561	263	115	257	153
111	100	194	115	223	124	266	209	284	101
100	139	103	102	275	356	208	241	555	219
119	100	211	525	109	215	361	336	175	612
103	186	176	119	216	300	227	131	106	257
101	193	187	150	413	177	324	289	365	403
126	100	111	159	232	196	355	148	432	364
189	133	391	341	427	316	102	329	160	203
132	122	134	247	106	149	295	555	339	202
176	233	272	308	176	327	104	100	105	216
128	138	246	228	217	481	213	100	323	243
124	100	187	107	255	370	111	236	368	597
101	103	111	225	102	130	180	437	141	315
142	206	252	102	255	136	112	508	106	107
117	261	251	319	160	112	511	107	371	274
128	212	321	380	267	238	136	226	224	337
107	122	224	216	338	126	101	275	345	413
112	155	255	101	108	101	134	415	327	417
103	130	105	211	272	126	230	136	358	260
110	134	357	103	143	485	109	248	261	119
149	166	113	100	283	298	229	111	102	103
162	187	113	126	101	321	126	222	212	260
105	102	101	345	482	134	361	100	118	129
112	144	183	120	320	138	278	541	246	327
146	138	121	361	446	227	132	472	208	438
107	278	302	215	429	113	234	126	117	113
107	233	111	125	176	185	280	456	104	476
100	205	261	322	244	104	100	248	109	213
110	218	122	121	148	326	442	306	107	216
120	291	101	102	235	209	111	263	144	214
128	246	324	220	185	129	344	369	100	341
139	116	123	248	332	507	547	182	555	428
106	102	137	262	357	235	225	422	523	102
115	154	100	100	550	313	128	297	354	298
100	108	288	102	325	258	233	167	196	469
194	114	290	142	135	109	324	518	249	485
100	109	292	374	312	119	119	343	376	287
147	108	273	220	313	268	107	102	476	331
114	111	229	380	329	148	389	292	281	123
150	203	122	100	277	207	527	559	423	245
125	178	104	283	101	213	276	136	303	380
105	106	103	104	220	106	374	245	519	213
101	102	519	130	231	318	106	302	644	553
113	233	194	212	353	326	422	463	239	370
122	151	259	287	103	223	244	336	428	104
129	207	145	117	299	271	145	113	232	460
145	174	248	366	115	459	200	410	657	224
111	152	107	367	364	366	104	166	333	139
170	101	114	126	119	334	311	323	125	100
105	106	137	113	101	175	150	668	462	349
107	117	343	108	112	348	232	415	299	107
132	125	108	317	100	110	263	123	219	222
107	117	233	263	115	485	161	301	363	101
150	293	159	140	124	702	400	132	111	219
151	268	100	226	241	100	304	398	236	104
112	126	217	268	108	199	105	512	335	342
108	120	127	123	324	102	104	113	107	228
114	245	304	105	316	176	534	101	489	449
127	143	111	102	359	101	351	434	104	330
165	148	218	216	322	125	121	105	296	394
185	187	176	272	101	119	240	414	115	287
107	103	345	144	187	106	308	342	107	215
144	183	307	217	241	245	243	399	150	439
111	110	106	101	100	216	136	491	238	476
125	248	335	316	221	178	494	204	395	499
193	110	113	277	100	127	442	140	104	510
136	220	119	101	433	104	278	553	555	204
112	131	173	141	102	280	220	141	433	227
178	228	287	103	160	319	104	323	114	605
145	113	254	100	265	299	148	448	748	737
101	255	109	210	499	536	422	114	216	430
109	210	106	299	220	237	309	340	345	333
176	210	364	518	596	104	103	213	537	103
100	100	425	217	227	308	101	394	416	215
106	139	248	157	461	344	494	277	293	309
101	106	289	304	494	258	233	527	101	618
113	216	231	297	311	328	336	678	324	189
136	125	244	117	395	242	145	591	237	134
131	106	129	247	254	494	225	245	465	106
191	109	232	165	441	341	555	667	506	504
109	323	305	102	422	314	102	318	304	577
102	233	234	100	105	291	144	550	329	102
133	345	261	113	192	527	101	125	481	100
117	187	118	218	321	181	119	291	538	105
163	104	264	100	296	160	312	101	222	744
156	331	108	100	323	347	225	496	316	200
108	217	353	126	218	100	365	106	703	117
126	109	102	115	101	328	100	101	673	481
181	110	211	102	306	398	284	142	441	101
106	100	213	114	103	237	208	415	376	118
115	105	302	362	323	178	100	397	859	102
108	118	106	100	332	400	320	514	103	115
114	226	238	126	134	260	102	138	339	217
102	133	104	445	247	102	111	334	514	259
104	123	115	349	291	225	531	205	111	268
126	101	192	121	314	172	108	342	293	227
134	124	219	209	146	323	546	253	102	237
131	128	205	160	237	119	200	293	440	246
111	219	220	264	385	125	500	406	105	105
199	207	109	100	103	541	217	270	100	461
103	105	111	208	212	235	105	363	217	215
105	219	432	234	209	275	266	354	386	106
167	104	112	101	378	463	492	221	140	475
140	102	128	300	315	155	327	511	103	271
102	210	138	207	306	183	134	164	427	471
117	116	146	150	235	104	352	102	110	266
103	100	103	327	342	104	545	345	213	100
109	238	311	106	130	219	163	339	120	103
137	104	114	255	297	100	423	210	389	406
111	221	109	118	227	244	214	358	321	106
151	323	173	252	285	101	532	283	264	382
103	101	170	262	335	169	332	136	242	211
134	111	360	109	433	311	231	366	227	549
117	141	118	141	315	313	223	101	277	569
122	119	101	104	236	102	192	103	317	494
198	194	103	592	239	467	275	580	100	546
106	246	224	203	221	101	100	101	204	335
110	156	102	110	103	316	309	103	359	501
106	117	399	246	101	377	208	398	518	355
105	208	109	307	235	248	103	303	335	415
175	263	134	381	375	120	202	100	204	230
114	113	164	232	428	268	101	219	179	125
117	114	127	291	539	105	318	107	272	105
181	175	131	103	102	309	383	291	211	513
115	227	304	322	100	245	354	303	289	568
103	231	233	101	359	102	100	514	527	116
106	226	107	262	102	336	100	559	148	397
190	136	207	224	157	100	221	134	326	247
159	138	100	245	266	325	189	463	187	484
110	229	156	101	243	342	100	552	415	140
148	116	233	112	307	128	212	533	107	325
179	279	205	461	386	284	217	100	150	106
103	140	336	282	274	128	668	212	103	297
111	280	227	106	530	144	100	114	248	257
108	101	105	125	308	221	144	305	130	101
103	204	180	233	311	100	111	483	640	297
116	108	140	335	312	148	162	605	613	432
163	105	249	104	130	315	299	373	200	215
122	101	374	198	139	276	275	105	389	415
144	234	211	232	394	227	134	222	427	343
132	217	210	423	244	222	208	336	459	633
169	103	116	122	228	141	452	358	645	100
115	110	284	100	339	151	105	309	260	368
186	111	101	146	235	100	108	228	124	200
142	105	155	261	324	372	102	204	361	101
101	122	105	171	102	128	348	101	275	111
111	186	220	448	215	100	370	286	345	366
114	137	100	217	244	245	103	417	318	100
110	235	324	221	225	110	215	261	448	241
114	140	233	417	249	467	423	262	332	105
163	264	103	238	231	104	317	430	116	601
132	285	242	205	212	591	250	249	115	643
113	270	226	123	276	264	230	365	182	434
172	193	100	244	111	258	224	323	269	102
126	116	125	273	306	427	268	313	330	347
107	297	303	187	304	104	534	408	181	496
110	236	110	266	371	150	365	103	133	443
146	102	218	239	429	517	309	101	114	233
102	188	224	379	118	244	400	339	403	110
100	113	238	330	123	337	188	271	339	114
115	218	249	106	333	261	208	450	141	418
104	212	101	408	246	591	197	415	215	613
115	261	157	191	213	112	103	213	101	576
104	256	231	101	222	266	117	299	138	355
106	162	268	125	423	355	237	233	106	340
109	234	139	115	270	116	211	431	646	804
198	106	113	311	232	234	267	101	227	248
127	100	168	267	115	136	214	595	576	572
106	100	124	382	235	122	355	114	220	215
104	105	357	300	224	158	233	332	299	111
106	232	123	164	320	345	266	523	385	100
114	109	314	102	267	339	367	233	243	226
198	104	102	357	222	420	240	225	148	424
103	194	234	325	237	300	101	381	273	335
135	104	114	229	114	109	318	227	214	252
106	127	236	104	165	111	220	352	488	220
134	131	215	380	111	246	100	212	343	267
105	236	110	246	461	112	174	507	564	236
124	116	220	296	140	273	336	364	190	306
102	124	230	103	101	216	218	278	195	318
119	101	207	217	224	106	216	231	416	428
112	219	137	104	234	217	262	440	345	248
115	213	109	236	239	217	107	549	224	304
131	109	315	107	315	306	108	408	348	502
120	217	101	391	311	217	107	418	308	449
107	240	274	208	187	228	232	101	555	309
101	217	100	254	380	184	213	216	229	112
153	214	106	111	236	105	422	595	519	343
109	155	111	181	205	317	139	224	195	463
120	220	235	257	300	101	322	424	229	644
109	273	235	427	225	247	351	100	310	454
176	343	187	126	239	138	242	116	231	311
145	221	117	128	130	100	267	670	112	313
105	166	119	108	515	229	210	302	109	377
106	168	104	104	117	423	226	162	441	301
101	227	312	103	214	120	344	354	415	308
146	212	112	328	100	566	140	461	349	518
114	216	170	148	331	426	166	156	419	184
107	136	318	264	118	256	320	349	332	217
110	113	296	104	102	101	196	246	187	122
105	102	126	269	458	264	109	228	344	206
143	109	122	427	518	108	505	150	371	215
122	100	218	178	212	144	104	413	150	398
144	105	315	147	145	294	306	339	368	107
108	285	105	489	219	140	341	535	327	100
110	130	103	356	211	448	329	745	128	104
101	100	350	426	197	317	209	393	126	557
149	105	276	246	260	100	153	553	137	134
112	300	108	200	126	293	406	276	101	103
105	227	203	324	298	115	345	461	227	459
111	208	353	226	305	264	223	103	102	147
108	256	298	207	391	367	390	223	265	667
128	219	256	170	384	102	119	212	469	324
117	112	188	333	392	414	230	133	135	110
109	100	104	337	198	274	308	320	531	114
110	141	214	299	323	214	518	329	343	100
155	101	121	102	307	106	368	108	216	446
156	354	261	106	101	567	362	261	352	224
140	186	244	250	285	341	331	206	176	104
188	306	176	325	204	203	169	208	427	263
112	257	289	325	100	349	373	514	109	465
109	102	141	145	151	101	460	374	140	302
125	118	286	264	354	303	333	219	219	101
161	227	223	133	325	218	358	220	290	113
117	146	222	219	106	124	351	100	415	104
116	118	101	213	415	135	404	125	398	427
119	319	268	269	407	480	359	155	107	202
101	238	265	232	284	380	105	591	106	255
110	133	220	104	415	108	286	379	425	432
102	169	115	240	123	101	247	234	109	517
145	263	145	272	111	214	101	163	344	239
102	218	339	221	272	103	310	212	169	465
103	110	103	117	271	140	339	446	219	360
102	146	112	108	220	360	239	236	449	259
105	106	256	134	213	414	342	387	368	219
163	252	316	410	230	422	102	125	292	365
109	111	207	121	307	449	444	499	126	109
198	205	233	350	248	433	247	339	133	219
109	234	222	372	113	662	101	369	399	103
127	140	110	337	218	101	158	108	214	474
101	256	107	370	281	277	210	100	323	549
114	246	167	149	259	352	105	369	100	400
197	121	145	272	253	190	225	211	516	379
140	323	397	123	389	170	365	336	492	235
103	127	146	231	529	402	241	266	255	533
111	247	234	118	110	210	221	111	101	273
166	260	248	383	225	422	112	436	405	142
179	109	103	315	265	313	109	479	114	255
180	215	116	100	415	237	100	134	126	135
109	210	162	299	332	357	148	271	522	114
167	100	104	126	322	191	264	265	307	751
181	103	226	343	104	283	104	275	103	395
113	105	126	464	215	226	204	207	107	103
106	219	319	143	104	450	227	407	126	217
134	223	119	391	125	226	235	115	105	251
104	122	314	115	113	124	295	214	106	506
123	169	118	261	209	111	278	209	457	100
180	101	101	238	269	185	306	113	148	210
146	121	106	235	146	107	138	162	176	646
121	215	305	323	230	134	543	136	221	541
102	108	119	242	200	296	571	567	122	138
109	107	264	150	149	170	524	212	270	347
106	126	244	215	243	436	229	435	440	111
181	113	222	255	334	317	302	177	101	107
103	144	100	261	226	358	423	269	377	103
138	207	319	236	427	135	251	117	640	101
108	228	142	244	430	225	429	415	330	304
115	107	121	178	417	306	245	103	217	347
130	149	104	105	417	301	243	559	131	131
137	261	194	198	131	271	219	515	172	141
122	219	137	199	102	106	106	104	220	682
117	109	331	238	216	100	431	451	577	422
103	105	503	388	101	487	207	378	149	245
140	111	335	155	130	101	138	400	100	291
135	113	104	105	187	130	541	322	341	145
190	143	280	106	292	471	114	160	256	238
125	107	251	150	283	287	100	421	108	210
196	107	316	282	146	109	243	309	123	103
200	133	140	263	130	101	200	520	101	121
101	213	371	205	102	111	106	101	268	524
144	176	162	173	354	288	158	264	381	105
137	225	238	108	105	100	338	401	503	218
143	186	333	320	104	114	361	101	543	740
103	110	108	101	200	281	338	223	233	639
173	225	219	142	186	252	553	183	748	234
142	120	169	207	288	219	486	463	424	467
106	229	227	410	239	319	359	374	246	570
134	133	255	164	111	213	227	113	272	118
100	188	230	272	109	316	219	175	338	323
106	109	270	228	256	354	149	677	108	138
138	101	113	239	167	175	204	105	131	447
146	140	143	107	217	535	337	107	321	472
114	249	307	112	295	224	104	620	234	209
109	160	362	219	514	204	630	261	677	101
134	120	318	349	213	354	134	136	471	316
105	107	206	266	166	149	417	110	523	312
107	125	196	105	475	110	100	379	214	379
115	126	213	314	246	226	327	227	203	101
119	101	280	428	376	112	209	423	451	100
181	148	165	359	143	105	243	348	143	375
102	151	121	330	100	204	101	115	295	338
127	101	441	106	229	101	105	101	100	231
114	110	390	107	108	324	100	402	245	398
119	311	266	347	406	370	176	101	456	107
103	187	125	196	148	301	100	541	103	537
101	120	353	166	257	224	229	593	310	168
112	117	316	129	356	357	294	292	316	230
142	376	155	269	155	267	494	361	228	548
169	159	321	322	310	108	418	110	388	583
112	300	312	235	138	323	306	100	235	567
131	265	282	210	463	302	364	119	533	143
107	111	101	104	134	279	214	108	302	362
119	101	277	197	286	446	222	555	699	193
113	124	127	121	329	227	410	523	399	575
110	138	111	352	248	266	248	286	121	352
111	110	298	106	223	102	101	327	547	241
102	107	105	200	305	122	100	220	102	397
131	124	233	313	106	129	337	169	221	113
163	105	106	301	426	535	221	196	576	528
132	126	100	193	354	101	137	134	327	582
105	266	106	171	263	295	233	100	231	369
162	206	134	204	406	106	146	250	248	413
158	103	109	149	133	443	316	231	518	281
101	376	122	110	292	369	103	447	136	373
136	115	104	329	176	395	307	205	184	106
116	101	101	131	269	215	261	222	311	536
118	100	320	391	164	368	111	359	234	390
105	209	276	233	331	104	661	328	646	116
116	104	229	111	225	304	331	583	351	404
192	238	110	312	261	178	335	101	221	104
111	257	108	326	113	350	287	348	264	321
111	206	101	142	140	464	231	382	237	101
106	148	104	183	386	102	423	511	362	395
179	215	113	372	119	352	256	106	262	612
183	122	114	112	123	223	297	103	128	104
136	117	219	241	227	459	410	101	209	354
112	210	101	427	133	349	112	296	531	376
103	103	104	120	391	221	134	462	150	489
178	104	207	353	116	302	101	101	219	354
106	111	133	109	414	107	189	328	217	494
106	118	120	112	318	320	108	179	104	100
102	215	132	317	303	109	101	338	362	225
114	127	294	235	224	116	183	384	300	603
118	100	208	257	247	226	329	547	319	239
169	122	374	300	217	227	356	412	249	476
125	220	101	318	283	108	310	331	392	100
105	301	106	318	390	289	106	225	134	358
106	150	141	101	104	344	260	101	334	436
129	282	221	103	169	103	445	236	217	178
130	108	248	134	141	360	526	319	180	113
153	210	114	217	143	305	193	342	568	207
111	206	134	132	310	104	314	284	100	481
109	110	149	112	101	224	302	420	266	146
114	114	116	469	266	149	233	100	114	658
118	112	212	252	227	214	271	101	270	704
110	102	235	190	120	377	101	305	229	123
114	220	225	279	231	200	256	218	227	441
125	118	244	100	100	532	211	100	422	367
114	104	232	258	242	383	222	351	250	501
102	109	226	136	150	102	111	354	372	399
114	109	107	212	211	551	312	106	232	317
136	161	213	131	169	220	323	281	185	466
120	130	233	219	428	216	506	541	207	456
111	137	309	106	377	413	224	311	209	113
150	180	102	105	101	337	148	217	257	241
156	287	145	207	176	207	334	287	111	420
151	252	446	188	291	111	442	190	325	447
105	266	109	140	101	234	196	315	304	510
187	212	260	113	263	484	187	105	160	104
115	110	101	287	324	136	365	234	462	570
105	106	128	328	458	104	294	148	101	101
138	102	210	342	132	106	118	260	397	147
162	118	168	112	227	235	122	115	142	293
126	152	297	294	159	100	212	339	248	491
126	106	125	433	216	101	279	196	324	146
104	116	108	179	100	310	112	105	103	269
153	291	219	242	427	100	170	311	104	234
103	242	106	314	103	334	414	307	290	203
197	136	154	350	239	213	299	217	226	342
116	113	355	312	104	211	100	100	120	220
104	227	127	241	310	307	106	114	109	294
109	105	299	237	359	128	128	297	196	185
177	108	179	120	214	111	393	247	264	105
194	265	101	100	100	200	217	102	364	138
181	109	203	237	124	387	100	271	148	236
110	163	146	253	138	104	213	569	290	111
109	198	309	103	229	311	104	110	219	257
144	236	256	378	445	624	647	119	333	155
105	232	101	274	319	112	464	105	192	100
116	107	110	212	244	216	122	107	309	101
108	104	244	389	111	104	361	584	513	470
123	141	109	209	185	431	214	385	243	398
155	136	242	107	263	100	102	114	277	312
101	223	111	147	205	338	627	248	116	241
137	119	114	377	118	151	284	246	564	304
113	111	101	100	100	128	351	508	248	237
105	111	321	332	209	263	222	275	248	329
106	108	255	443	422	434	141	316	763	105
175	126	145	228	138	100	422	160	109	100
100	109	101	252	248	278	234	200	618	245
155	113	119	250	246	110	114	404	118	483
185	146	287	228	140	183	206	102	100	105
101	208	214	238	251	366	301	360	148	345
196	245	237	231	248	100	256	219	364	184
113	102	194	206	233	229	271	223	188	260
197	229	345	289	193	233	344	100	138	397
185	108	102	217	100	241	101	488	481	105
121	111	117	258	427	241	547	225	210	137
115	131	100	329	106	102	231	214	138	676
117	101	324	114	220	158	431	337	199	249
142	249	329	403	304	245	106	259	370	103
194	108	127	226	157	110	512	232	599	113
154	116	217	300	291	417	219	559	110	341
181	237	353	104	288	189	119	566	142	210
100	257	103	408	273	107	292	398	658	181
106	106	103	207	252	138	218	340	367	191
115	181	103	207	389	128	104	102	230	148
100	106	209	110	329	127	240	303	295	145
136	254	324	225	227	110	196	425	198	561
170	186	224	324	290	231	216	100	217	463
104	246	109	221	104	170	174	394	100	603
116	119	214	334	189	339	101	235	365	214
135	145	106	234	219	407	638	334	280	216
140	129	115	224	423	339	359	120	429	386
134	289	121	107	261	534	110	307	230	101
141	113	161	204	210	118	259	302	221	563
107	104	100	210	214	245	328	155	317	462
