1 NN	2 NN	3 NN	4 NN	5 NN	6 NN	7 NN	8 NN	9 NN	10 NN
39	2	129	39	7	53	328	61	18	24
3	1	18	463	7	6	51	222	175	52
12	140	8	27	10	17	272	22	170	29
2	68	25	124	228	9	663	17	142	100
340	3	140	6	20	10	555	103	278	162
3	3	21	445	389	8	2	35	8	1381
1	2	100	5	7	169	140	36	45	1
2	72	362	161	42	7	101	422	80	17
2	3	13	35	6	11	7	31	391	352
3	6	166	116	41	287	98	332	16	49
1	82	4	6	98	21	31	19	121	432
1	3	222	17	28	317	145	28	582	23
1	2	315	32	23	21	10	29	75	22
27	4	9	38	23	115	18	350	150	28
269	96	11	128	31	208	33	52	41	20
3	95	8	2	21	238	298	67	27	22
270	3	3	22	247	17	5	13	11	4
4	39	356	15	98	654	6	11	66	106
50	2	48	15	50	15	48	116	38	32
1	121	93	982	424	15	7	15	174	548
154	25	25	2	110	32	72	62	129	14
673	2	7	34	13	12	51	7	18	936
34	15	3	18	142	28	31	124	91	428
49	16	37	132	8	30	16	12	31	48
1	9	10	15	119	62	743	22	121	42
1	12	12	11	155	123	15	445	59	155
2	97	49	20	85	173	8	58	15	93
2	109	276	265	148	61	53	14	15	176
72	5	88	76	9	4	205	12	3	17
1	116	47	16	18	179	43	98	229	59
1	3	142	5	11	6	14	2	39	41
1	1	54	86	50	62	9	245	33	257
1	9	10	109	16	9	70	41	32	334
4	3	4	69	37	25	631	24	3	43
1	43	1	144	35	52	14	9	658	148
42	12	10	135	265	10	42	146	24	53
23	28	49	43	129	66	163	112	85	22
2	126	6	52	20	413	27	52	18	119
3	1	46	3	21	23	3	11	251	51
1	50	93	43	23	92	14	83	16	38
6	11	21	23	10	99	118	5	62	170
1	6	5	6	170	15	11	24	241	237
2	6	40	39	6	6	9	5	49	17
310	5	117	20	67	85	7	351	258	45
2	4	53	13	135	2130	27	18	31	981
1	280	2	11	17	118	79	745	154	127
53	30	10	30	39	20	16	56	155	5
2	10	24	84	1	38	43	75	15	90
14	2	4	4	1	7	251	396	49	12
17	127	29	139	41	430	2	135	22	190
56	1	428	4	115	101	3	59	522	116
2	2	6	20	13	61	28	16	11	1857
39	3	430	15	97	83	125	45	2	513
9	27	3	4	33	164	11	67	16	91
3	58	7	38	68	42	122	9	34	34
194	7	45	71	6	155	19	2	32	666
1	4	6	8	7	12	19	8	5	28
111	39	314	119	9	136	27	45	28	204
159	2	3	50	594	7	15	32	148	30
4	28	10	409	3	100	42	330	75	104
92	2	7	257	48	24	128	8	8	43
27	23	7	190	48	113	6	533	119	27
1	4	189	682	4	12	29	15	36	16
1	1159	213	590	6	58	172	23	11	13
1	1	13	5	12	251	209	18	35	72
1	3	36	27	12	404	18	22	17	44
13	75	402	4	4	222	11	498	59	387
64	1	33	9	9	68	11	145	53	523
4	37	39	630	20	6	20	90	18	222
1	14	22	5	277	20	88	195	634	32
42	2	7	152	11	99	618	18	44	103
6	162	17	15	41	79	7	385	158	24
1	4	10	21	1	905	53	73	229	116
2	3	10	4	12	46	33	747	199	35
2	109	17	8	133	16	471	92	25	30
46	12	72	167	19	233	17	79	544	248
7	148	3	328	180	45	42	95	168	79
2	88	21	144	165	49	96	917	9	168
11	28	13	67	10	137	24	29	13	151
6	3	26	58	118	6	28	66	81	70
2	2	8	2	14	14	39	15	44	7
1	119	4	12	15	89	1127	161	59	21
4	51	393	65	49	17	5	254	21	2
6	92	38	208	697	186	421	19	1131	55
2	12	7	119	23	54	111	233	46	314
169	61	281	11	19	60	18	203	39	188
3	45	104	11	9	7	78	617	161	619
2	19	18	4	21	39	15	120	323	57
1	24	10	5	3	5	284	37	189	248
2	2	30	74	16	9	50	12	37	69
2	3	5	45	6	570	13	50	66	28
78	118	140	669	14	178	33	5	4	5
54	55	2	117	19	31	54	8	709	14
1	50	4	107	10	17	172	607	110	16
1	42	6	57	728	3	67	13	77	92
3	11	48	34	38	313	79	10	13	36
1	12	16	4	38	41	30	60	25	778
3	4	7	10	34	199	3	53	102	8
99	2	79	638	59	10	18	4	40	53
1	41	208	17	3	150	8	29	15	3
50	5	42	110	179	17	159	8	101	240
54	2	5	56	5	70	12	63	28	1
6	5	1	113	5	65	63	31	106	23
3	27	4	117	167	167	37	22	467	72
37	17	2	10	12	38	104	18	282	1
2	6	289	26	293	8	38	8	332	226
5	23	64	84	24	102	453	14	16	21
1	20	61	107	16	12	187	1002	5	85
3	3	22	126	7	11	49	160	3	77
2	15	152	799	124	20	55	15	359	11
1	288	7	14	452	50	15	25	219	20
11	44	43	1097	9	35	211	50	13	46
3	3	13	6	15	8	20	18	57	64
2	22	193	10	6	167	17	124	11	164
3	640	28	118	9	2720	46	72	22	15
1	211	29	55	48	13	79	32	46	173
3	11	64	8	19	313	25	25	21	25
45	13	4	5	67	89	34	73	33	27
4	12	95	12	17	10	15	122	28	259
72	85	23	82	24	25	48	258	24	22
1	29	23	72	15	137	206	105	33	16
118	4	363	392	39	11	14	6	180	26
81	458	3	18	391	21	33	10	465	22
9	52	9	230	8	47	19	24	129	495
3	4	6	10	53	107	85	66	10	182
3	2	129	6	25	37	62	197	10	131
7	28	621	7	23	27	311	21	94	96
1	137	111	38	56	6	7	205	22	120
253	2	2	329	334	79	133	629	49	282
13	10	6	67	23	30	30	37	68	22
1	151	4	162	59	89	87	8	36	60
4	33	90	46	5	49	6	41	18	26
72	4	66	106	15	233	107	136	6	8
1	3	49	42	132	28	2	15	1213	18
28	9	103	85	63	6	115	139	329	1615
1	2	193	16	74	26	143	46	203	374
49	8	4	9	24	88	77	179	8	118
15	3	389	2	51	14	21	52	103	13
88	14	148	22	339	44	161	53	49	159
2	5	7	42	147	94	21	385	54	33
3	53	90	7	31	183	270	17	6	187
1	6	138	95	14	15	281	111	167	84
1	4	6	77	16	11	71	203	573	19
1	3	7	14	69	3	292	577	139	157
4	3	7	248	171	45	432	489	18	7
1	4	228	244	137	9	294	19	1183	434
4	356	118	250	114	55	50	16	12	110
1	55	22	67	185	2	51	17	165	111
543	464	3	9	51	13	19	7	15	17
6	364	251	25	214	21	8	67	45	38
1	52	25	1	23	17	19	91	16	114
29	8	14	3	13	8	76	65	43	92
21	18	3	3	9	283	303	120	17	722
1	107	2	118	900	13	38	16	114	378
13	24	9	20	52	8	737	19	61	357
4	82	12	18	181	10	24	121	402	26
1	106	41	156	225	559	63	9	34	18
33	8	7	15	325	46	48	253	337	8
1	35	80	14	21	103	118	35	3	385
1	151	137	24	149	20	252	18	168	50
4	14	25	911	124	14	125	263	27	37
140	40	6	14	75	42	222	63	21	64
269	3	421	10	254	17	15	163	17	15
2	61	4	22	31	80	226	12	19	666
1	9	10	9	28	734	10	259	26	12
5	20	170	62	34	21	398	42	58	2
8	9	3	22	8	38	6	11	13	10
47	2	182	8	80	29	459	44	733	150
1	18	8	297	10	155	166	50	47	324
1	2	17	43	22	8	51	13	14	15
49	127	17	52	182	26	18	246	602	345
28	7	11	5	82	9	59	19	30	36
1	2	240	274	43	68	79	87	46	27
57	4	13	28	2	44	16	27	414	2
9	643	3	143	17	108	112	153	10	73
63	82	8	526	2031	12	13	35	54	235
1	2	96	182	44	151	89	35	16	15
1	2	375	1	6	716	44	19	10	34
10	56	5	4	137	53	44	312	390	460
2	15	1847	7	116	24	165	20	8	401
5	70	63	200	7	765	36	6	23	5452
1	1	11	7	144	16	71	5	23	46
567	30	139	58	26	284	66	117	143	64
44	4	10	39	278	275	5	4	102	217
9	1	221	374	244	83	117	89	172	49
63	11	3	41	270	24	64	49	64	132
15	1	309	143	5	129	118	17	175	27
5	8	34	22	10	214	110	22	35	34
2	47	2	11	48	11	89	57	37	90
512	141	2	7	133	171	143	43	71	168
3	5	2	58	16	13	5	685	901	13
2	1	47	6	5	165	17	49	111	486
4	8	18	973	37	30	18	6074	15	69
1	7	8	82	11	6	150	17	239	147
1	42	219	11	5	79	1435	853	262	48
1	3	9	6	101	136	775	204	2	696
25	4	158	29	20	314	4	60	182	49
66	102	7	7	2	167	7	403	309	272
7	99	6	6	8	27	27	17	56	145
24	4	44	25	70	100	117	229	26	13
1	53	14	41	100	195	38	52	5	32
80	1	79	99	16	16	106	94	128	39
45	20	4	27	182	111	20	63	29	133
1	14	67	3	20	751	921	138	13	764
789	4	749	8	72	8	217	100	66	14
15	3	147	379	14	11	886	313	303	96
1	11	7	210	290	92	28	4	33	11
66	19	5	190	549	32	206	96	63	31
45	7	9	8	46	62	14	19	27	71
2	196	17	29	5	70	21	95	20	22
7	23	6	55	71	9	17	7	85	18
18	16	2	16	553	494	27	21	29	46
1	86	53	6	23	137	40	413	108	45
2	27	5	12	52	240	75	1	99	420
19	152	9	48	7	13	15	18	13	987
66	2	96	2	133	10	52	42	17	135
3	2	1	40	124	35	12	23	36	91
1	3	280	30	10	230	27	36	29	134
2	6	18	36	30	5	22	20	118	8
1	2	44	130	82	6	42	57	7	66
25	2	40	14	3	71	1426	119	55	17
3	12	20	7	59	5	525	6	76	10
4	1	23	43	8	1	130	107	209	58
2	85	146	380	87	497	39	399	15	35
131	67	209	13	25	256	155	249	11	16
13	10	46	385	19	44	112	16	11	146
1	6	36	23	20	483	199	21	162	155
40	14	15	103	190	2	137	17	879	15
1	76	26	9	422	8	4	74	34	585
3	1	13	115	16	382	16	348	1021	167
2	85	100	122	178	4	147	51	19	15
2	39	811	4	4	12	22	75	10	377
1	13	1	73	8	15	23	6	20	6
9	114	287	4	47	5	12	6	13	6
33	3	9	5	10	25	120	28	32	84
4	91	422	22	2	8	393	64	159	193
3	7	82	833	44	18	23	11	17	75
1	15	10	80	8	305	332	151	124	195
19	93	28	24	26	8	25	6	109	169
3	6	299	4	22	201	59	144	74	57
1	11	4	334	40	138	16	37	113	42
1	5	7	8	7	83	528	170	127	124
96	6	50	5	23	9	109	76	552	78
1	152	70	9	200	20	30	35	58	295
2	13	3	78	7	285	62	49	117	105
18	4	46	127	193	26	302	46	5	361
3	11	10	29	353	85	13	392	26	25
48	101	923	140	20	764	10	20	284	284
3	1	480	102	57	382	180	117	21	727
2	10	4	184	18	13	17	3	4	20
96	23	9	5	16	7	409	33	23	105
6	2	13	35	6	50	25	76	38	95
8	66	19	6	58	18	142	27	18	256
47	3	54	125	243	655	27	21	153	155
1	5	46	5	61	39	19	225	28	168
1	315	4	1	6	377	10066	14	19	109
26	7	3	182	304	7	21	125	1422	51
11	26	5	79	4	5	6	19	44	10
1	3	185	17	191	26	621	17	48	103
1	4	66	59	44	315	81	73	14	322
2	21	4	8	47	52	134	11	66	57
96	30	348	5	3	14	2	18	270	30
78	632	242	6	11	27	18	8	71	942
2	20	78	16	103	217	23	3	30	54
7	1	198	94	6	797	32	10	107	12
198	47	7	22	10	27	71	180	16	53
27	11	227	103	8	44	11	364	15	32
6	236	11	279	21	92	13	352	35	10
9	4	11	5	28	22	22	42	143	69
19	89	11	11	75	65	7	79	8	124
1	5	70	556	16	73	8	195	111	70
8	9	5	87	23	20	6	16	10	11
3	6	10	16	392	11	142	5	15	430
3	19	3	324	14	61	105	846	48	62
3	6	278	93	13	112	7	34	12	18
1	3	8	492	50	176	66	69	72	615
1	3	8	4	40	26	69	39	52	240
55	5	34	7	31	8	9	628	665	24
5	3	105	106	89	5	79	23	469	166
1	47	5	272	25	22	19	57	67	113
7	57	63	8	19	125	38	112	38	375
29	20	45	29	6	70	468	119	319	410
13	2	12	12	14	53	465	86	231	3
37	2	95	24	8	484	23	76	278	69
107	5	18	60	388	6	8	31	32	559
438	54	8	712	54	11	150	254	86	63
1	5	247	103	37	19	15	46	487	361
1	3	11	4	235	7	60	73	232	240
48	98	31	57	84	295	37	10	374	27
1	3	11	79	8	646	394	29	12	203
2	75	10	22	10	5	83	23	99	182
1	50	23	17	16	38	50	31	693	13
77	9	6	20	3	144	34	2	812	114
6	12	2	36	17	104	930	22	12	1537
1	3	6	31	11	97	31	759	30	124
12	68	74	13	15	18	5	43	16	23
15	8	9	47	16	375	318	49	28	203
4	8	14	4	24	72	502	61	143	15
11	1	25	264	138	14	36	19	193	242
3	5	8	28	33	57	232	9	87	23
1	2	33	67	143	11	7	9	22	140
20	3	2	7	35	36	43	27	21	1176
2	7	50	11	101	54	62	9007	9	310
1	33	26	2	82	13	9	55	28	32
2	63	57	359	24	14	253	17	322	378
10	3	2	125	65	75	58	519	12	24
1	201	390	300	17	152	70	135	273	743
6	4	5	3	126	388	88	325	71	41
39	175	34	7	56	32	787	225	15	52
33	7	5	24	282	7	185	32	56	10
31	542	187	130	94	11	42	12	69	1075
1	7	6	3	5	10	24	4	63	247
1	3	14	5	769	78	168	168	18	30
3	5	7	12	86	50	35	184	164	60
2	705	10	280	60	5	31	195	39	120
1	4	4	109	6	270	174	1017	246	300
1	3	334	4	7	16	28	82	117	693
2	5	3	3	29	6	218	22	257	449
4	3	79	346	17	2	23	13	15	11
91	131	441	9	205	117	5	19	71	20
1	32	20	68	270	9	446	151	51	354
2	2	11	82	5	35	9	180	25	163
20	56	10	11	93	17	463	46	150	53
776	24	5	10	303	34	15	19	25	162
135	1	19	232	56	19	9	30	2	249
1	3	165	3	40	93	8	290	18	13
1	44	2	8	30	53	7	98	35	33
11	2	16	119	11	183	175	8	825	13
1	148	294	98	4	484	19	30	1200	17
4	24	45	529	7	719	23	50	20	26
5	74	4	7	753	56	342	15	36	14
57	528	5	257	936	47	15	22	69	44
1	158	44	6	108	14	39	26	7	92
1	12	5	8	140	10	28	49	1165	111
1	2	2	21	241	54	50	150	100	117
10	62	50	19	21	15	128	309	186	25
72	86	3	47	71	22	34	91	138	6
1	19	5	85	272	6	28	15	24	116
19	4	4	5	87	690	69	15	41	286
1	16	77	5	42	8	503	55	28	433
34	99	13	10	111	150	17	7	27	238
23	57	31	5	200	819	16	50	142	76
2	10	629	96	16	84	21	1201	5	14
1	11	42	41	79	92	91	122	20	438
1	11	2	33	302	13	18	138	47	107
5	106	29	27	6	278	235	144	37	367
220	58	3	62	140	81	1218	59	16	28
1	2	21	38	309	565	12	17	39	119
32	2	3	16	122	11	19	4	255	22
1	19	3	16	7	56	13	9	16	83
1	78	206	14	1	10	45	151	85	44
3	25	3	9	3	6	110	47	54	484
2	7	5	101	134	22	134	31	12	9
1	4	26	23	7	111	135	414	61	22
9	3	9	10	8	47	17	126	71	63
3	6	50	586	13	12	13	24	14	28
4	43	108	7	10	1171	53	231	195	32
2	143	2	100	45	123	8	223	77	18
56	2	57	5	238	12	56	13	22	154
1	64	284	423	1	142	16	8	495	11
3	67	18	5	6	203	69	305	296	11
1	5	7	69	1149	46	23	60	357	192
2	2	8	26	7	45	9	54	14	242
50	8	418	12	28	51	92	114	20	43
48	439	4	55	12	16	13	198	58	24
30	2	10	4	43	149	446	12	20	9
9	152	59	3	42	126	20	671	84	132
2	2	36	283	627	26	245	140	20	353
4	75	203	14	411	9	5	123	22	709
149	19	27	2	15	14	15	57	676	15
23	9	77	190	69	22	5	137	245	620
14	97	32	64	4	37	20	14	37	8
1	7	4	62	2	24	41	95	30	760
43	1	7	11	147	14	163	172	33	56
1	19	32	6	75	181	168	224	31	410
1	2	7	50	116	378	506	5	14	158
2	73	59	27	32	981	29	493	4312	38
1	47	166	246	145	14	160	119	116	145
1	2	40	54	67	75	53	169	7	1978
3	58	146	218	7	39	91	37	95	17
2	3	52	2	239	182	7	169	1	183
130	6	244	236	108	22	116	1359	313	717
6	4	10	130	54	7	21	6	47	392
2	12	59	7	8	86	47	1	554	939
3	4	2	35	80	77	21	67	16	54
1	48	3	17	12	45	31	67	156	86
1	9	177	11	360	5	94	43	90	131
1	58	8	42	19	242	20	52	23	23
7	10	222	19	8	34	40	58	20	183
18	145	7	23	90	359	40	21	117	2
2	6	16	5	127	19	368	39	18	958
1	49	109	37	20	45	17	149	106	247
1	4	10	10	70	44	11	58	28	12
2	6	44	283	8	204	31	6	30	85
43	81	5	5	24	10	11	303	78	22
8	15	158	126	50	26	34	25	214	11
3	3	10	36	1	224	93	7	1087	5
2	8	3	10	51	73	1267	275	54	214
30	6	189	12	115	8	108	380	136	23
5	2	64	150	21	6	69	135	155	42
1	9	52	23	20	28	7	91	8639	258
60	3	2	4	55	71	43	8624	9	81
368	7	92	7	14	16	17	202	101	102
4	8	45	15	372	13	331	19	31	75
61	106	7	12	1064	17	10	8	14	25
154	3	360	21	90	362	217	125	16	499
6	1	19	55	12	121	25	24	107	12
79	140	2	93	15	78	7	17	449	70
3	5	8	104	21	121	7	50	52	333
1	4	167	39	21	6	6	8	41	1
2	12	8	16	229	131	8	13	27	563
2	2	14	4	249	12	152	9	13	62
3	4	174	6	28	40	539	20	6	184
1	302	78	20	440	154	7	73	987	22
1	5	34	89	3	12	133	154	168	149
62	43	4	24	172	236	49	19	18	117
1	6	212	20	24	29	74	34	135	78
24	3	4	3	16	9	18	83	16	85
2	3	105	113	8	376	19	76	7	276
9	5	56	712	1180	27	13	16	33	45
6	34	7	8	37	9	3	22	67	117
1	116	31	195	8	18	143	31	203	185
18	20	27	2	802	6	3	164	31	99
8	8	3	489	8	129	127	14	25	397
1	25	9	3	7	118	19	33	8	54
1	270	4	7	14	204	498	19	106	102
1	2	142	159	535	147	139	5	24	503
45	2	3	6	7	119	172	57	20	4
12	87	26	11	841	39	9	9	4	252
1	183	3	33	80	78	140	270	14	49
2	40	3	39	240	7	26	253	1365	63
1	5	4	133	5	22	367	5741	17	24
2	2	112	156	15	45	8	208	25	49
39	38	25	12	150	136	35	187	18	591
1	4	82	5	323	111	26	57	91	459
27	108	186	47	8	28	21	83	20	47
1	3	5	112	6	42	7	47	47	184
7	268	8	68	11	18	16	721	47	115
42	9	4	9	53	491	55	295	82	47
1	59	54	10	62	67	2	46	14	18
112	8	4	23	14	102	80	6	40	11
220	342	3	56	3	30	374	57	35	6
103	2	1157	27	83	34	60	9	619	7
1	21	5	21	15	9	22	67	103	44
1	4	9	97	59	9	14	15	24	351
1	614	2	21	116	63	20	15	18	8
1	8	5	2	11	39	25	7	638	30
21	723	6	6	93	81	56	430	124	621
23	3	3	220	100	152	43	41	21	214
1	2	14	9	36	136	11	41	24	63
1	119	3	11	47	23	863	130	20	36
35	1	36	215	10	21	257	7	8	48
1	58	30	5	68	9	24	15	51	22
1	278	13	21	67	8	7	20	41	18
25	3	5	8	158	8	117	630	2	275
6	9	90	25	11	10	13	113	133	1244
400	2	5	81	9	9	4	9	134	27
1	4	30	156	167	5	751	10	18	308
4	70	398	95	461	21	643	276	29	25
27	52	7	286	50	9	4	11	68	334
2	31	12	68	72	23	160	52	24	13
3	19	132	8	127	37	72	34	10	17
13	86	2	106	92	150	13	28	22	104
1	297	4	14	4	167	45	10	9	353
1	2	5	12	122	33	81	73	10	19
77	246	194	2	86	91	221	5	252	213
3	2	37	247	13	60	23	91	115	238
1	11	3	4	27	339	9	27	105	71
8	5	7	463	143	9	7	127	90	47
3	2	3	5	12	74	263	172	13	441
1	4	13	40	12	195	17	18	81	17
1	37	6	130	5	2	62	257	230	15
1	5	6	15	54	24	160	35	156	13
3	213	27	304	256	18	195	708	159	121
31	9	27	10	7	174	211	107	16	233
2	6	3	22	14	311	15	1299	27	28
42	1	10	229	60	20	7	22	139	87
1	108	58	108	65	12	348	14	27	49
37	3	2	55	9	38	40	165	135	640
1	8	10	5	22	41	431	7	75	4
1	38	100	84	173	6	97	42	372	14
1	4	10	30	5	9	100	403	303	466
1	6	75	4	10	143	106	746	14	19
2	3	9	144	13	341	10	501	289	367
1	69	1	4	8	3	132	20	579	104
8	44	71	309	65	1032	17	8	10	214
1	29	7	58	29	20	123	6	474	605
1	1	32	21	24	57	10	43	16	14
22	6	41	257	329	9	26	17	4	96
184	273	6	146	2132	378	9	265	18	112
1	1	5	4	19	208	33	8	112	95
32	3	10	7	52	36	77	6	10	128
3	2	5	203	7	19	26	13	39	16
3	2	4	4	307	6	290	9	18	22
116	182	2	8	82	139	114	6	80	19
214	2	8	6	3	136	119	29	68	896
3	3	7	240	175	16	1	438	126	18
10	4	70	83	93	18	19	222	22	370
15	80	45	16	11	14	16	173	47	47
2	32	4	226	462	61	257	144	288	45
