1 NN	2 NN	3 NN	4 NN	5 NN	6 NN	7 NN	8 NN	9 NN	10 NN
54	185	108	248	171	96	298	107	163	105
84	107	115	175	101	195	118	201	119	220
53	71	167	51	105	68	156	162	233	172
74	69	111	116	184	57	227	337	143	89
54	111	50	50	55	58	348	52	303	87
54	124	120	158	117	114	251	51	103	287
53	51	54	55	97	113	335	236	51	168
83	89	52	50	83	255	170	258	355	260
60	50	112	170	62	223	328	301	107	223
51	111	50	50	284	207	75	126	78	325
67	164	51	222	57	313	60	243	241	377
51	102	51	74	50	161	171	50	298	169
53	93	144	157	135	102	119	182	179	52
61	65	64	164	175	69	52	208	235	498
54	57	156	179	138	206	52	168	108	195
81	79	52	211	285	145	216	107	361	137
59	77	133	50	55	56	53	159	303	197
81	105	121	50	214	185	179	346	278	260
50	52	50	87	54	230	53	104	50	221
93	55	126	241	200	51	102	192	136	88
57	53	159	168	120	160	54	207	148	108
50	62	157	50	120	180	158	50	190	101
51	82	111	139	51	131	175	92	330	356
53	127	53	54	87	141	109	198	53	144
68	56	63	139	158	69	204	356	355	86
54	64	50	153	287	53	118	144	376	441
79	115	59	115	256	128	88	107	144	381
98	67	137	133	115	149	191	233	107	220
53	60	83	164	239	140	236	51	100	109
63	79	56	218	67	148	119	53	115	114
51	112	134	168	72	56	339	204	197	280
51	164	51	112	171	113	223	128	112	235
98	118	51	53	131	51	230	242	242	140
62	109	56	159	50	93	257	163	102	100
92	104	150	190	107	50	236	271	294	170
61	108	107	63	239	74	52	50	56	103
52	56	161	212	154	73	211	106	166	284
58	110	154	214	102	285	110	51	103	294
52	54	131	55	50	50	64	226	206	114
87	60	150	150	111	175	228	191	356	87
69	104	112	167	159	51	149	208	140	204
55	54	56	55	114	278	66	221	100	245
51	105	53	200	93	172	219	64	193	132
58	104	62	172	107	50	112	115	52	51
87	119	101	113	169	110	117	123	177	277
66	61	127	121	131	55	112	169	53	162
69	116	169	57	51	101	147	98	191	60
50	51	50	55	62	59	260	55	57	102
71	114	129	165	196	310	161	215	58	265
54	55	80	73	50	129	110	340	50	72
63	65	112	67	68	127	198	69	500	106
82	73	63	54	52	112	361	201	101	55
79	58	118	261	110	115	165	286	106	340
52	51	71	51	50	137	52	102	320	248
53	56	51	113	130	75	253	239	165	284
51	113	69	52	164	176	136	54	106	271
63	53	199	51	64	268	109	244	233	104
79	115	52	101	93	60	139	237	148	202
56	51	54	111	123	319	102	56	181	91
59	54	132	112	53	64	184	369	149	102
59	62	115	107	143	222	181	109	158	53
57	106	174	157	113	55	176	153	51	145
53	94	89	107	273	177	240	277	51	142
85	67	51	58	176	113	78	276	269	197
54	110	56	53	298	177	102	179	62	51
55	51	57	51	182	217	139	145	177	145
72	66	112	60	64	71	111	183	277	244
55	113	73	51	176	249	130	146	141	173
52	91	109	69	51	273	87	275	104	285
62	62	218	113	55	52	121	134	51	50
64	51	89	127	61	148	110	276	111	258
73	111	71	177	224	51	164	187	219	109
62	60	111	122	127	160	67	58	205	248
53	105	50	151	192	52	125	69	114	108
51	64	50	142	63	139	51	54	351	50
86	53	161	66	51	154	272	130	224	258
55	50	129	82	76	155	69	161	105	61
57	52	123	115	111	91	222	120	52	223
69	59	74	73	168	298	159	246	155	220
57	52	50	51	50	52	253	127	245	55
69	104	199	149	193	59	243	237	141	126
75	121	193	218	215	125	318	163	64	105
86	83	57	129	182	50	136	67	253	53
53	94	109	111	51	67	50	228	206	177
67	73	60	174	51	52	51	231	50	160
50	102	52	54	127	113	114	278	173	62
52	51	157	118	142	50	64	206	166	109
50	86	168	108	67	53	238	226	223	329
85	57	125	69	53	137	323	117	160	314
82	60	146	160	245	53	245	200	450	108
50	141	77	113	121	142	224	138	247	174
77	82	50	188	63	87	50	288	222	208
56	50	81	67	96	238	101	50	214	271
63	50	56	79	51	127	108	99	199	103
59	62	222	105	214	256	370	146	50	267
54	116	152	141	50	192	103	225	156	158
51	119	138	166	89	107	287	63	285	189
58	51	50	100	50	243	181	150	91	54
71	57	217	125	50	50	230	52	101	143
60	62	89	220	219	104	57	213	156	280
87	86	53	169	173	215	260	95	56	104
55	87	141	59	177	80	107	109	195	51
77	53	108	125	188	101	129	51	264	227
62	112	179	102	63	271	113	307	152	143
52	147	105	155	66	234	119	267	178	155
65	114	89	86	127	51	121	250	358	107
51	100	50	56	176	107	55	60	215	111
51	140	89	106	181	130	50	103	168	243
61	54	51	50	186	105	90	191	261	186
64	50	56	65	177	112	64	113	132	106
65	50	95	156	56	110	50	205	130	108
77	59	165	106	115	113	242	185	151	56
56	72	55	104	204	52	230	184	148	102
52	52	169	132	57	317	221	330	331	133
56	94	59	64	210	54	232	52	61	50
57	153	121	138	142	116	222	198	198	88
88	181	63	115	51	110	289	195	298	274
51	95	151	60	54	142	52	136	151	118
90	108	50	78	95	64	215	96	285	259
85	97	107	201	58	51	123	162	56	93
52	88	109	55	241	69	168	203	307	204
55	158	53	111	214	183	156	375	139	408
50	67	113	51	104	50	55	200	58	50
92	55	55	105	116	53	50	158	190	80
54	84	126	110	131	252	259	51	226	283
50	114	60	69	157	106	291	111	220	113
50	90	68	188	164	164	280	160	105	371
77	82	163	220	113	144	259	174	316	160
63	96	114	113	117	209	57	329	267	238
92	52	101	112	165	136	106	50	299	302
51	112	145	50	153	199	52	118	315	230
54	74	64	55	123	203	114	60	149	50
57	115	58	102	198	172	51	112	50	139
51	56	60	52	114	267	141	104	55	322
51	59	108	107	176	50	117	264	105	161
55	61	89	53	105	189	310	208	245	216
51	50	128	160	53	54	219	186	132	255
51	164	92	58	113	228	138	109	288	323
60	62	176	136	286	117	228	205	169	65
52	93	135	124	158	105	225	212	276	51
54	60	159	161	53	108	138	100	166	157
58	137	103	98	107	51	179	314	212	296
86	61	65	51	295	56	217	52	215	166
51	60	111	74	51	129	123	174	221	98
53	118	113	135	129	217	74	196	51	81
94	124	55	138	52	51	226	454	176	110
62	60	57	61	161	211	122	174	56	50
61	54	157	80	74	218	68	250	56	250
52	110	171	105	207	176	104	126	144	280
53	52	56	51	54	135	176	177	107	115
84	146	121	206	168	270	226	50	226	258
57	145	54	124	50	213	125	162	132	371
50	50	65	258	156	143	167	244	118	333
55	81	50	148	54	233	53	68	214	51
53	110	69	119	219	162	156	217	274	246
56	51	114	113	103	59	56	51	268	196
64	50	107	54	57	52	253	213	151	127
54	128	112	179	57	54	212	58	57	52
60	51	62	224	98	68	73	149	404	138
62	56	137	181	91	56	244	175	51	170
61	55	51	110	124	126	155	53	269	106
57	55	167	89	52	158	177	198	201	194
77	113	116	173	55	50	267	159	430	124
51	118	51	202	80	62	225	105	253	112
51	60	51	51	117	62	178	277	93	50
51	57	87	113	103	349	110	326	158	156
52	106	53	65	57	272	138	142	176	59
62	50	115	116	63	223	131	51	107	189
50	137	55	73	52	159	53	51	147	323
52	51	51	153	112	107	209	349	239	111
52	57	197	130	95	62	137	101	266	134
57	73	81	181	98	222	145	78	303	144
59	122	75	213	224	200	223	51	178	224
80	106	51	202	175	226	50	127	168	341
89	88	68	128	222	198	148	176	106	101
81	75	111	83	50	50	111	57	382	115
60	66	64	56	106	173	220	51	228	273
87	108	143	191	104	268	127	51	54	244
74	106	53	53	51	231	109	145	52	228
66	53	109	122	116	120	323	218	123	132
57	131	134	124	127	167	104	75	157	86
58	86	51	53	144	352	252	51	92	115
57	51	116	77	111	53	57	180	122	118
56	79	50	178	59	101	210	156	175	194
54	111	113	163	50	179	278	285	424	179
69	128	52	137	169	51	158	180	134	244
57	103	55	147	51	219	442	215	74	50
54	66	56	321	199	102	80	112	105	109
56	70	104	132	231	130	211	50	118	319
77	126	121	68	131	66	219	266	76	227
53	113	59	135	88	61	210	105	183	123
53	60	52	208	213	53	114	136	151	182
65	67	55	51	209	187	53	220	144	52
55	106	102	88	50	51	53	182	109	176
99	50	53	53	176	123	107	104	230	115
79	51	51	164	116	122	183	148	132	89
85	104	116	89	51	234	63	101	340	160
53	73	153	58	142	77	164	293	79	112
60	120	92	51	160	115	250	179	116	50
56	51	55	194	50	110	56	57	205	165
59	127	113	118	54	210	165	246	120	57
55	59	200	50	53	232	57	345	208	51
58	54	110	51	175	107	85	297	130	52
73	114	77	52	233	140	315	268	142	186
92	106	64	159	51	216	53	104	277	174
57	60	179	50	120	167	176	177	115	51
77	86	52	222	51	192	50	127	385	118
57	110	144	50	110	122	131	244	57	169
86	111	132	90	178	193	194	113	50	55
55	117	73	145	145	115	50	51	123	252
65	54	63	104	161	193	150	222	232	331
55	117	53	169	209	51	163	165	390	167
59	70	51	103	169	241	50	116	105	125
57	151	164	60	56	51	281	141	164	278
50	54	106	132	112	181	280	154	55	113
57	50	180	175	56	157	158	219	115	230
62	103	87	143	220	291	89	133	336	143
93	50	78	108	179	222	57	314	111	219
58	117	177	131	71	212	159	107	250	106
75	60	175	176	143	171	213	353	173	218
50	123	66	175	61	129	51	286	152	137
80	139	126	50	156	52	106	104	375	234
52	60	83	210	213	259	50	202	50	157
56	53	72	136	92	132	122	114	350	230
69	133	91	50	106	50	154	322	56	292
82	135	51	106	157	219	73	68	241	132
69	56	121	153	156	50	54	55	128	259
50	51	171	50	243	286	130	50	56	260
56	86	173	151	100	126	316	185	124	119
62	66	124	177	109	239	117	246	109	227
59	69	51	81	189	234	61	60	91	136
87	74	113	51	173	165	188	276	393	188
53	150	171	114	53	268	194	66	136	60
52	85	137	105	168	117	56	217	50	356
61	50	53	111	53	52	196	204	104	284
58	62	73	109	50	203	52	273	119	52
57	144	59	131	168	119	52	291	50	436
53	52	50	127	57	86	255	151	142	87
53	61	110	111	125	128	50	91	121	222
55	56	119	169	103	132	177	220	138	64
52	58	181	105	175	127	175	115	299	202
57	50	121	161	71	111	78	275	162	183
86	56	150	124	119	58	168	63	248	54
64	70	163	56	67	63	189	125	140	203
82	51	162	76	193	101	238	160	50	369
50	65	52	219	134	96	309	212	276	50
55	88	50	73	113	213	199	136	109	206
58	55	61	64	155	179	179	250	215	285
51	79	180	148	172	175	130	101	96	111
61	145	181	51	132	103	128	53	50	67
65	120	72	225	198	129	228	197	190	427
52	60	135	203	166	176	114	210	158	208
50	50	108	217	213	273	295	50	201	118
68	56	130	62	119	127	132	101	54	280
53	55	124	57	130	282	190	290	275	165
65	110	63	176	151	90	132	113	249	228
51	81	186	50	135	266	151	214	381	265
63	106	109	120	111	133	110	51	367	193
52	85	149	50	120	170	197	245	155	50
60	62	124	164	53	208	50	51	50	68
60	119	50	103	113	109	121	84	172	294
63	55	118	53	202	84	248	172	344	245
80	51	162	185	222	152	106	231	103	248
89	50	104	53	192	141	310	456	173	105
61	80	52	74	157	163	274	60	189	135
64	86	113	90	156	74	56	160	51	180
73	105	52	51	108	295	190	245	245	299
62	52	137	63	234	84	107	77	50	128
69	100	59	225	105	198	52	116	226	54
55	57	56	90	110	278	229	220	119	334
57	50	51	118	58	112	238	349	51	193
58	164	111	50	232	53	109	127	139	350
82	68	143	70	63	84	127	56	50	55
55	157	50	62	96	276	109	216	161	53
60	149	199	130	51	122	240	124	178	182
56	113	188	237	54	63	133	50	154	166
70	115	95	126	104	221	221	51	56	157
52	52	208	104	54	453	276	154	121	102
85	105	94	84	163	53	213	228	131	146
57	80	50	55	228	120	50	300	347	138
63	140	117	105	96	51	153	110	281	51
80	106	112	80	155	80	132	111	141	189
54	113	104	239	230	305	103	53	327	50
86	51	102	51	122	198	216	292	51	53
77	139	67	110	52	237	121	74	106	403
56	107	106	115	192	109	172	209	268	471
95	141	51	50	271	99	252	251	51	244
60	51	58	205	228	185	169	131	52	165
69	125	64	127	50	164	141	177	117	217
59	61	219	120	90	180	185	231	185	390
67	100	51	62	52	114	53	66	297	50
55	50	112	50	50	263	96	268	248	102
55	121	59	120	50	145	136	105	232	138
58	54	186	112	113	115	162	52	51	53
60	60	81	200	63	107	57	228	406	50
50	51	120	137	58	96	216	202	133	207
78	108	115	55	293	129	299	293	173	330
59	117	110	175	53	112	157	139	105	180
89	58	86	53	51	50	270	160	65	190
59	50	122	50	62	114	380	75	459	159
67	63	141	100	52	134	197	202	224	205
59	133	126	64	51	215	50	253	249	202
77	59	50	116	113	203	57	100	385	110
59	50	51	93	130	196	108	215	248	50
97	115	109	89	108	58	64	189	316	221
74	106	112	111	217	319	51	75	101	106
53	142	62	110	217	60	227	131	104	51
54	54	104	87	113	164	50	208	182	52
55	140	235	182	277	65	63	50	178	192
90	110	64	70	158	125	197	177	161	270
50	84	90	184	118	143	219	309	215	56
64	135	147	112	155	248	51	196	224	166
51	51	54	67	104	131	156	118	88	116
56	51	90	63	203	88	118	227	279	206
54	131	60	195	98	50	56	52	116	54
72	50	87	58	77	113	50	365	127	79
51	68	51	53	70	128	56	50	173	287
63	53	127	263	145	161	105	264	365	232
72	71	119	184	81	63	230	138	166	57
61	52	103	115	203	50	360	65	224	295
64	53	134	55	128	91	221	51	319	51
93	55	68	159	209	51	50	271	50	266
81	68	115	111	184	51	50	107	110	148
69	68	51	102	138	50	401	103	144	137
71	81	55	82	50	51	194	51	268	116
52	122	51	59	80	154	141	53	248	111
51	56	183	81	184	145	127	51	130	235
53	51	52	104	127	52	188	61	219	113
55	144	130	50	203	193	53	115	250	122
58	62	127	59	60	133	185	261	188	114
93	144	107	50	220	124	52	109	238	359
52	148	111	156	114	109	55	134	158	363
56	109	50	52	50	51	135	168	118	52
55	83	119	152	71	54	154	51	164	169
64	109	130	104	183	227	65	53	51	127
51	147	121	122	50	234	207	360	94	110
55	80	112	51	231	236	225	212	187	233
52	53	178	59	236	114	255	233	108	203
52	65	138	177	141	54	50	231	245	342
73	74	50	184	183	194	155	282	311	191
53	98	58	52	75	291	134	204	294	221
52	103	181	176	114	203	217	204	50	268
66	115	154	73	110	224	51	198	61	50
53	50	94	157	55	175	180	51	266	189
59	56	162	139	56	285	55	140	104	177
59	50	55	181	171	245	171	77	56	135
57	53	166	171	168	223	95	253	296	150
60	60	61	157	114	215	138	256	298	284
63	61	115	86	166	61	250	51	51	329
53	112	58	177	51	221	124	52	189	134
59	138	158	55	143	114	203	131	252	273
51	50	118	157	113	132	212	162	378	458
62	109	147	86	243	276	364	174	114	50
80	108	50	142	58	162	315	165	209	50
51	111	144	57	103	91	51	109	51	158
52	115	92	107	131	113	110	229	220	55
79	61	69	62	193	52	163	150	155	101
56	50	51	50	128	269	124	156	51	51
56	55	61	219	115	107	267	50	51	116
51	67	119	54	114	208	276	290	55	51
55	132	178	160	89	113	117	230	196	229
55	118	51	139	159	213	150	51	243	131
79	84	208	114	173	60	285	126	286	52
82	90	58	117	125	52	101	121	50	221
53	124	84	206	143	60	198	92	55	295
52	134	57	127	64	176	58	87	112	109
78	106	57	66	54	225	75	239	133	385
72	80	135	90	122	141	119	51	147	346
50	57	108	198	120	220	161	51	369	175
52	74	63	253	182	171	261	51	50	201
53	62	105	147	53	226	195	110	53	234
52	82	51	100	158	51	52	323	261	205
61	50	54	115	116	201	144	174	137	277
55	105	51	257	115	110	229	305	269	158
55	80	134	151	142	115	144	50	52	328
63	55	52	104	127	229	236	50	55	253
81	122	167	160	224	179	105	57	383	191
51	110	131	106	199	227	260	58	56	281
69	50	115	63	194	51	219	50	298	102
58	106	67	65	59	137	52	56	171	117
62	125	53	51	147	125	206	50	142	279
61	50	102	160	50	51	113	145	231	101
63	51	69	53	50	184	140	58	110	330
78	50	119	117	175	62	156	277	177	124
77	67	89	57	275	137	178	264	121	208
51	60	50	59	124	208	342	162	116	252
59	111	128	85	106	50	57	126	138	50
52	54	51	282	177	50	232	91	235	283
53	70	210	63	53	54	70	322	170	121
54	74	123	92	118	55	68	233	114	359
65	111	103	113	98	263	318	311	142	116
55	51	87	182	157	102	113	192	133	134
52	51	58	129	232	57	107	123	516	356
52	60	98	127	62	132	209	257	69	192
52	67	122	141	219	229	125	58	116	51
51	105	50	109	102	89	51	104	107	151
53	69	52	54	137	118	50	106	50	157
75	154	188	151	172	71	170	247	58	247
52	50	61	50	63	210	61	215	253	105
53	92	108	214	57	184	52	128	172	62
62	115	119	111	53	51	160	397	60	72
52	70	162	127	198	107	114	268	212	190
59	60	178	125	150	51	112	95	118	158
68	51	96	81	52	73	109	184	164	113
51	71	111	151	206	315	211	70	91	175
57	89	204	152	169	266	181	57	90	126
56	57	106	67	50	54	84	148	101	447
52	68	167	200	56	165	53	142	218	173
55	50	158	232	151	162	62	129	129	281
85	63	164	240	310	171	128	51	102	312
74	52	120	51	159	113	50	59	169	138
56	56	158	96	51	142	89	278	92	181
61	102	118	283	99	53	50	170	50	270
54	156	105	57	50	50	164	51	51	60
55	101	59	222	51	265	53	145	291	291
56	105	191	126	112	103	57	285	101	136
60	60	93	51	121	51	53	120	292	81
56	123	105	151	86	222	177	239	112	128
56	57	53	62	141	124	332	287	267	281
93	57	103	120	51	50	296	80	96	163
56	64	52	106	162	305	117	119	255	135
51	143	231	124	238	277	142	51	304	322
53	52	106	239	53	121	87	175	157	172
87	90	77	184	66	164	217	117	216	235
51	105	154	50	188	50	105	79	289	51
52	52	140	50	193	115	213	50	158	285
69	92	119	109	50	193	183	366	52	346
53	55	193	52	50	123	352	72	51	250
53	51	125	165	85	221	253	51	130	189
64	62	145	140	50	170	181	426	137	56
61	51	190	50	223	211	325	347	102	248
61	133	50	117	190	50	51	377	228	379
64	163	145	208	119	94	141	205	65	276
53	65	173	177	110	69	50	135	215	175
57	59	120	55	174	154	116	203	50	228
54	119	118	56	105	252	54	155	64	156
55	69	115	182	166	181	212	238	198	109
59	117	50	176	113	232	240	53	224	358
62	54	103	136	160	109	158	65	151	178
92	51	131	162	217	248	102	50	57	91
57	89	150	63	196	113	115	137	164	71
84	122	117	50	232	273	104	73	217	52
51	51	61	190	53	251	264	118	52	50
59	92	77	201	167	134	282	56	268	56
54	57	50	56	62	142	316	164	117	176
59	66	55	260	114	160	72	130	53	384
51	54	138	107	55	255	160	109	101	329
55	88	83	160	177	53	73	94	52	55
80	139	51	87	163	132	234	238	118	54
74	51	117	143	50	103	167	141	164	167
99	109	83	229	245	119	72	51	349	51
55	110	86	166	165	164	358	169	106	231
79	146	85	181	287	128	50	51	55	272
52	58	96	169	50	165	127	112	292	81
71	64	50	79	125	264	51	119	171	106
60	56	79	159	172	113	135	166	50	51
64	59	54	159	202	100	215	69	52	306
52	99	69	60	107	164	190	217	142	191
56	170	117	51	54	55	132	110	114	302
53	57	132	201	51	239	54	206	178	110
56	123	169	182	211	253	83	198	128	51
50	68	84	221	117	64	167	50	51	104
54	63	51	68	179	123	51	188	326	185
51	50	90	53	63	117	51	111	275	104
54	132	51	232	50	142	173	66	194	89
92	77	67	144	205	130	207	398	278	50
93	94	117	118	116	201	74	335	308	100
52	114	137	55	176	176	202	231	393	122
62	74	51	110	175	204	123	191	52	119
50	50	208	238	62	210	142	326	272	82
73	51	52	51	53	244	214	51	156	78
51	105	181	163	63	51	268	92	273	53
80	61	57	117	62	179	206	50	261	115
77	103	63	86	135	51	53	169	87	262
51	128	145	61	174	50	54	110	336	244
60	50	160	203	176	53	208	181	165	333
60	55	50	115	169	128	55	233	173	202
77	116	108	84	50	63	115	260	166	50
50	53	53	108	208	150	89	130	63	149
54	59	103	68	174	56	154	62	167	80
57	117	63	170	225	72	243	401	110	388
58	59	80	158	134	132	51	50	109	50
52	55	206	117	138	276	117	50	202	51
56	142	113	129	123	128	239	92	117	278
53	85	50	51	103	232	53	204	214	103
52	147	122	50	136	87	129	119	51	311
55	94	111	163	110	164	263	97	103	269
50	126	51	51	98	181	213	304	214	71
62	67	51	127	73	163	73	52	222	259
64	79	118	55	78	50	106	167	51	203
59	59	139	57	65	249	127	176	196	55
51	62	160	101	187	175	172	226	273	316
61	142	60	85	166	232	168	238	308	238
93	148	133	125	144	323	50	345	279	76
62	150	136	108	55	256	56	270	52	304
52	91	85	113	177	76	163	250	53	183
89	125	140	119	227	50	78	325	125	63
62	53	109	119	51	68	155	123	51	147
50	77	114	51	176	174	51	214	427	299
51	111	52	60	174	89	114	103	136	256
