1 NN	2 NN	3 NN	4 NN	5 NN	6 NN	7 NN	8 NN	9 NN	10 NN
57	2	6	12	21	8	23	58	7	19
118	80	5	10	118	85	117	13	16	231
15	4	7	146	8	336	5	44	208	18
1	495	6	10	389	21	145	168	8	66
1	2	1	60	464	293	400	71	38	95
123	44	9	4	819	90	49	13	76	225
1	14	59	8	138	16	187	8	873	86
19	6	1	12	305	54	45	101	257	93
6	40	23	94	341	390	139	117	175	115
54	3	3	72	13	267	24	73	10	80
2	4	7	1	3	14	149	384	16	28
31	49	14	7	80	41	108	85	25	96
1	6	375	13	39	97	51	44	66	13
1	45	4	18	5	11	102	807	29	26
31	525	103	41	8	8	66	17	46	222
1	50	9	14	201	20	352	282	872	13
1	123	14	168	232	3	6	21	59	29
5	3	24	3	33	12	9	19	156	570
1	1	13	5	36	98	18	261	15	65
4	9	4	154	78	10	53	21	100	79
190	51	14	8	41	9	1	270	205	24
1	16	16	49	23	83	19	866	74	11
9	207	2	26	245	14	67	276	47	11
5	2	44	4	66	7	74	45	192	20
1	24	144	6	9	29	14	47	7	24
4	2	3	12	271	27	1222	56	11	142
192	3	324	112	15	343	233	3	59	2
134	6	6	9	3	37	19	846	218	183
1	309	234	117	229	184	18	55	122	98
2	2	5	3	65	6	1	318	52	8
1	3	266	134	352	23	78	38	126	28
2	2	14	52	6	3	181	48	29	30
2	26	4	8	8	5	182	3	129	115
74	545	15	35	10	35	14	167	22	80
6	10	5	49	126	41	17	46	490	224
2	8	3	5	72	12	115	9	2277	35
102	4	8	20	11	7	486	86	108	679
1	38	9	262	441	26	11	90	84	992
14	2	46	10	61	18	145	79	213	98
3	52	1	6	781	32	509	30	531	67
5	3	3	80	48	3	97	511	574	166
1	8	18	42	28	115	108	4	268	54
54	2	643	15	8	385	676	73	756	57
2	24	61	65	19	37	8	32	186	129
2	2	33	11	13	6	6	47	421	132
18	1	74	7	112	460	23	8	10	392
1	6	54	10	80	181	10	31	517	131
1	6	2	7	115	248	121	13	118	99
1	3	33	59	22	10	39	20	67	141
45	6	9	58	809	59	108	23	8	26
109	2	80	11	127	23	256	82	280	70
93	114	13	6	26	24	16	263	208	49
1	10	216	174	7	5	6	10	2831	28
2	115	4	202	111	20	201	384	19	44
4	10	3	7	128	5	22	35	14	98
3	2	375	56	265	93	442	45	85	92
9	2	250	34	61	151	35	266	9192	229
1	11	7	11	5	497	41	1092	14	9
1	31	30	75	237	7	617	219	314	37
3	135	263	13	36	613	132	2248	806	1025
3	20	88	9	92	373	228	73	942	14
1	76	27	5	10	29	414	284	661	55
2	70	3	7	1006	22	16	19	43	111
4	3	273	18	14	218	46	322	68	18
2	5	13	17	134	44	9	50	16	21
6	5	3	2	25	427	93	142	62	178
8	134	58	173	3	45	401	38	435	438
1	7	3	32	7	46	125	16	45	87
1	45	52	24	5	44	6	61	65	94
7	13	51	83	79	38	45	176	57	62
246	82	151	3	98	68	10	52	39	258
11	4	9	4	12	101	672	22	16	19
14	7	19	113	11	164	236	73	170	195
1	5	38	230	17	144	15	33	445	22
20	34	880	16	6	11	336	180	51	391
1	126	119	3	33	73	97	50	54	79
1	902	40	16	88	597	4	302	114	72
1	10	11	9	20	55	22	379	185	56
1	127	291	292	415	28	11	1002	311	17
7	1	7	15	1	44	248	65	91	83
3	141	15	12	255	7	131	275	44	81
1	1	5	136	30	6	243	8	416	234
4	2	2	2	24	7	41	443	38	14
1	68	14	219	36	72	69	270	9	25
4	49	7	6	303	202	36	31	135	7
39	5	21	57	34	28	33	7	20	55
251	31	3	4	21	45	101	81	16	829
14	17	1	62	78	11	7	45	51	114
3	105	8	13	11	11	14	8	57	41
2	128	45	108	3	311	49	54	177	292
2	88	205	8	23	7	42	31	62	309
86	416	24	23	512	26	25	9	1204	111
3	5	8	1	16	35	536	13	35	32
1	12	64	8	186	95	49	95	30	59
2	3	524	139	8	181	15	455	11	82
33	2	5	317	89	90	81	12	435	321
5	2	86	93	14	10	142	539	675	22
80	2	80	93	8	44	4	58	455	46
34	117	4	52	36	306	8	149	93	53
66	7	374	120	193	16	338	507	102	71
3	2	128	333	301	144	25	9	33	705
2	5	2	10	382	8	10	4	92	108
1	5	7	13	606	92	2	100	17	106
1	3	4	6	49	16	96	10	1058	36
1	39	529	5	9	149	7	23	9	175
6	1	7	5	41	19	11	26	22	287
2	2	5	5	10	51	21	326	12	144
194	26	19	372	35	50	9	10	230	660
15	3	143	204	35	323	343	63	1414	62
2	136	129	7	251	9	8	124	90	249
1	2	5	5	127	16	5	5	236	9
4	267	10	93	145	233	209	26	13	8
37	6	9	260	3	55	27	7	28	13
15	10	1	1	8	71	17	10	16	50
2	2	2	5	5	11	26	3	18	10
2	104	2	17	12	113	393	8	238	94
52	5	3	84	136	50	1369	17	151	29
3	210	52	12	10	54	36	246	404	27
5	336	6	29	31	24	84	34	12	26
1	71	110	43	490	130	13	12	8	356
1	20	47	8	67	354	171	101	7	830
32	80	165	10	41	30	19	9	15	20
2	35	20	20	216	56	97	34	13	6
1	3	2	9	54	54	32	14	116	15
1	1	4	3	113	77	248	992	20	372
542	8	94	42	3	52	412	13	41	12
1	24	206	5	30	192	83	174	31	19
7	139	5	30	194	584	51	23	28	219
2	22	6	7	126	142	4	4	10	732
1	9	121	318	78	208	2	51	91	109
4	2	300	42	16	9	36	30	129	14
1	80	49	8	32	8	20	28	179	3
1	2	16	359	220	553	36	652	131	24
1	46	7	86	809	102	17	28	192	140
19	2	5	5	127	49	4	17	24	284
1	54	5	42	10	12	528	98	208	24
5	2	14	152	177	19	950	143	37	204
1	125	3	2	16	20	327	16	43	930
1	104	12	15	45	7	1	87	439	87
280	2	5	98	51	53	7	20	20	29
3	4	386	10	9	13	52	164	90	545
1	21	5	34	35	126	3	9	84	14
25	226	14	1	722	173	12	28	47	35
393	444	15	3	5	1455	10	23	31	13
27	16	911	58	540	5	11	19	35	19
5	10	167	64	4	60	8	414	30	83
4	224	73	32	925	6	98	40	22	137
1	6	20	51	7	215	68	446	264	399
1	16	7	83	4	8	6	14	197	25
2	2	57	6	77	9	33	204	127	49
1	2	6	73	68	24	70	40	72	230
55	45	12	1	386	109	4	16	231	45
3	2	2	51	318	8	14	25	56	992
1	2	8	181	19	106	186	74	367	33
4	10	10	96	3	148	15	9	590	438
27	10	69	91	66	11	9	10	12	23
3	7	397	43	798	779	65	125	176	758
4	42	29	112	120	8	30	73	30	55
353	2	83	10	10	10	124	517	25	169
29	1	160	3	8	199	64	48	162	25
6	31	72	7	266	15	27	3	169	11
1	12	1	3	5	235	127	24	25	35
2	69	18	23	12	15	12	28	144	563
21	3	6	48	31	52	337	96	93	132
35	6	12	4	17	21	468	116	96	57
3	5	14	33	29	51	651	2	187	1185
1	416	6	175	5	6	132	194	11	131
25	7	89	4	58	25	26	13	56	132
205	1	192	79	29	128	13	10	18	9
8	2	85	62	3	11	487	106	27	133
13	4	117	4	9	58	140	1424	136	216
1	5	10	380	85	60	15	12	21	163
2	18	1	5	9	67	11	67	46	10
106	2	7	412	23	15	196	10	155	54
37	5	9	185	9	6	13	155	245	276
1	2	3	15	30	11	24	18	80	246
3	3	122	431	24	444	9	44	14	203
2	2	48	5	7	49	66	166	220	97
2	2	10	21	76	6	104	34	45	32
3	119	165	72	10	94	101	75	21	10
1	3	95	16	56	48	60	25	139	391
11	209	45	14	3	17	7523	77	20	100
3	10	19	7	16	352	307	28	16	243
1	94	9	139	223	21	116	31	469	14
1	3	5	12	34	63	576	98	30	171
1	5	4	38	40	153	110	6	57	59
65	7	4	16	170	25	83	3	11	366
7	482	10	3	160	2	27	350	187	313
21	200	55	19	114	77	616	9	26	187
2	2	2	3	182	21	127	85	15	1600
5	3	3	266	5	11	581	13	466	95
55	3	112	24	13	21	309	67	462	73
20	2	86	15	41	60	140	44	181	185
23	27	18	59	1612	36	49	67	58	65
3	2	88	32	889	468	191	32	72	2
1	64	3	33	179	993	64	11	45	107
6	85	6	2	14	577	6	346	36	17
10	8	4	12	43	28	105	170	27	250
1	1	75	11	37	18	101	84	125	14
1	47	78	242	9	10	1200	870	295	321
1	519	9	177	9	14	9	12	512	26
1	44	4	6	75	93	1185	46	274	53
219	58	3	3	12	49	164	134	115	168
1	136	9	400	5	86	28	117	10	13
22	87	483	28	22	6	220	11	416	11
13	10	247	5	154	32	70	31	538	18
92	724	24	59	11	7	266	12	155	77
1	54	2	7	25	66	276	24	37	40
5	2	32	74	84	83	74	13	46	1479
1	39	2	44	16	2	120	94	1	65
46	1033	105	24	43	89	553	177	23	35
4	2	5	770	16	9	814	346	18	372
2	8	3	2	29	14	10	19	14	41
3	16	3	6	82	128	282	73	26	98
32	4	46	40	1014	1067	25	49	74	14
33	2	52	39	60	76	33	28	13	17
2	22	3	1	154	18	144	4	18	5
15	719	19	10	46	34	7	148	9	533
1	138	112	8	276	144	21	123	581	8
4	2	97	18	5	53	143	22	1564	19
4	31	43	4	33	45	18	114	129	36
2	4	137	46	6	5	9	329	16	107
1	3	396	33	18	7	237	22	474	385
1	13	89	216	6	23	11	7	10	18
11	22	3	17	2483	77	4	189	117	157
285	5	263	49	8	3	9	111	51	36
28	5	550	88	68	197	42	11	175	5
3	3	193	69	14	51	46	90	2	377
13	3	5	130	17	335	181	569	762	74
2	3	95	600	85	67	177	13	24	633
5	7	64	217	21	23	153	32	222	1
3	22	3	7	7	5	286	183	64	79
2	26	178	85	52	261	298	496	40	143
1	116	1235	176	176	136	29	79	45	49
2	4	31	11	38	8	59	432	122	88
5	36	191	45	8	200	268	184	7	275
1	14	9	14	105	17	21	68	430	652
1	14	1	123	93	56	124	49	228	73
1	42	81	19	656	16	23	142	11	413
1	32	144	178	8	53	28	167	446	25
70	47	53	128	20	158	30	191	225	82
5	19	2	29	17	133	12	40	49	28
4	28	165	155	198	310	17	17	167	26
1	4	2	370	8	21	206	12	7	96
1	3	463	5	36	170	7526	36	10	83
2	34	22	7	70	1	371	163	754	25
32	2	220	20	52	402	208	15	41	175
1	128	302	14	21	515	102	260	206	107
125	282	36	15	8	27	17	157	326	53
1	5	35	12	7	45	79	10058	385	31
37	2	265	6	20	228	548	322	26	10
1	11	18	158	6	56	1	197	10	12
2	2	6	11	91	274	3270	476	86	573
23	4	314	9	2	52	8	56	388	22
1	70	4	80	21	253	24	16	621	209
3	8	3	41	264	392	4	56	16	64
2	26	4	60	62	54	737	10	18	175
28	1	6	24	8	65	14	99	296	38
27	1	44	55	65	42	13	15	451	17
1	78	100	13	21	29	6	9	36	19
58	64	210	21	2	10	19	278	43	108
1	80	3	10	13	102	99	52	13	476
29	19	256	94	29	50	38	34	104	52
17	3	66	11	450	290	27	6	16	16
1	2	4	172	22	65	1817	37	22	55
1	2	38	242	16	19	54	10	7	74
12	5	2	46	50	42	111	575	18	58
159	92	1	14	198	12	61	9	22	56
1	3	2	1012	55	409	35	21	86	13
38	53	3	97	66	121	13	104	335	5
3	1	2	7	360	16	222	19	188	1794
2	174	83	111	14	36	8	338	135	180
1	4	67	46	7	152	7	518	33	24
4	59	510	199	120	172	97	165	89	215
1	192	16	11	9	81	7	56	176	17
3	2	3	9	977	11	70	829	83	76
3	21	1	501	101	32	266	194	228	341
242	1	4	133	24	51	1064	400	9	363
1	45	14	127	84	73	20	40	5	18
412	15	4	5	7	451	148	266	13	599
1	51	4	147	75	13	145	9	268	55
1	96	18	6	11	33	78	205	210	139
65	85	9	40	11	88	223	9	6	101
3	88	785	6	14	5	10	81	34	68
57	4	3	9	101	42	361	429	84	70
1	4	241	28	5	8	69	62	305	205
27	20	21	5	36	32	29	93	225	676
15	87	23	91	6	43	53	71	123	105
4	2	3	92	5	54	30	499	29	41
313	3	37	52	183	14	170	341	17	48
1	74	186	418	4	3	35	7	17	130
5	4	30	17	673	69	6	11	41	165
3	8	39	91	11	13	8	54	259	109
1	1	9	4	11	30	1470	72	6	82
16	162	31	6	6	46	16	33	29	16
4	5	4	356	290	55	442	73	481	62
3	4	3	122	532	59	20	19	50	236
3	4	57	186	35	9	35	218	75	49
44	31	11	44	189	102	249	127	129	18
2	15	157	8	27	422	108	28	160	45
28	53	14	1	106	16	188	73	28	87
3	6	2	8	2	17	72	38	14	60
18	68	900	7	37	47	38	89	4	525
1	3	13	66	41	537	136	611	41	34
1	357	4	7	2	52	79	346	285	117
90	3	1	4	23	9	14	22	36	25
2	59	3	135	65	9	26	243	153	24
3	10	4	8	16	117	59	189	74	9
1	2	14	22	134	12	49	13	43	187
5	8	5	7	397	14	68	18	87	17
2	55	124	73	9	14	4	68	473	7
20	8	2	41	12	83	102	396	82	48
1	8	7	2	4	26	27	30	144	22
24	3	64	9	13	34	96	16	96	883
1	14	7	42	9	25	5	3	44	175
5	2	7	11	16	22	150	25	16	18
1	2	3	49	558	12	114	46	61	399
3	288	12	192	100	8	16	9	16	14
5	29	2	54	62	11	3	8	475	49
2	2	48	36	65	4	181	117	133	76
1	3	13	103	94	233	302	7	339	10
223	1	28	2	514	36	15	54	13	85
1	3	5	45	58	133	117	12	303	49
159	7	23	96	290	213	16	101	47	62
3	82	143	6	49	12	37	23	172	31
7	4	9	5	15	545	15	71	18	63
50	165	3	122	139	96	46	23	88	89
2	49	515	37	4	14	69	326	209	15
1	83	166	195	108	168	67	52	518	372
1	201	11	131	367	78	99	13	30	193
4	32	81	347	102	12	15	67	41	53
1	29	24	59	177	19	22	168	2	55
3	5	11	42	14	3	16	64	295	248
1	94	181	4	90	97	158	1150	69	16
91	26	51	13	53	56	20	8	7	603
5	5	669	4	1	83	23	315	123	70
2	1	255	14	51	168	41	13	1149	487
2	61	67	38	8	122	44	12	76	676
2	86	6	133	1276	13	974	17	603	528
1	32	21	2	7	34	17	50	15	80
1	3	6	178	6	1265	66	79	36	1008
1	55	13	144	131	6	376	4	24	29
756	5	8	3	688	14	71	17	535	20
1	4	13	81	6	356	67	128	5	48
37	5	760	17	140	37	315	280	32	52
2	6	1	25	18	189	13	23	190	42
138	241	18	492	16	7	12	2	59	247
1	26	166	22	89	9	24	363	256	163
57	284	27	62	49	33	9	31	26	72
2	1	24	46	45	457	86	77	64	13
46	2	3	12	59	32	22	11	18	63
2	75	7	4	7	129	33	313	210	80
81	1	23	217	22	38	83	15	55	317
205	76	13	26	19	7	179	370	650	232
28	71	6	29	7	72	269	47	997	44
1	41	4	75	5	30	19	21	2	77
2	32	1	11	640	17	34	438	10	135
1	14	9	12	13	460	348	23	121	976
2	2	5	142	199	13	7	10	13	136
82	6	13	63	11	732	33	38	109	262
3	2	210	1	207	429	27	72	131	303
1	83	5	437	613	323	10	13	659	319
61	15	71	38	7	21	9	575	15	619
1	18	4	107	79	17	58	113	51	108
16	4	5	12	83	13	26	302	42	313
1	41	106	11	7	141	12	143	30	21
1	4	196	209	21	4	83	37	60	372
45	7	211	11	9	140	39	215	29	15
3	29	2	15	95	9	7	7	43	21
40	53	14	59	108	12	337	86	7	20
37	412	49	538	36	1	421	582	556	216
216	24	85	2	140	105	51	95	326	15
221	48	51	3	11	184	35	19	87	442
9	14	21	7	34	2	23	3	47	84
2	9	3	11	239	570	83	545	61	33
89	365	4	1	43	43	1	13	235	311
4	2	31	69	28	7	27	29	91	59
204	5	6	322	12	127	25	11	1721	152
1	28	45	32	179	279	236	325	228	114
1	5	3	5	66	13	7	312	5809	156
1	3	9	73	54	13	19	15	86	8
150	36	11	236	3	29	9	59	48	19
109	62	4	7	3	50	141	103	98	87
21	316	2	96	31	157	36	96	557	88
250	8	161	264	202	14	116	20	20	20
4	182	38	3	97	6	3	18	37	23
29	154	1	26	4	23	431	5	587	141
33	33	6	24	47	76	263	6	9	12
44	4	7	18	60	40	35	32	711	13
21	12	4	43	22	12	309	45	17	22
5	2	68	5	5	92	162	65	38	286
1	2	31	245	80	280	11	179	114	486
1	2	7	7	72	3	10	943	277	10
39	1	146	16	128	21	326	13	200	51
1	554	207	475	4	33	44	847	30	103
28	59	2	10	17	98	631	166	68	152
26	226	45	945	113	31	2	76	64	264
23	206	4	14	22	20	36	139	32	38
2	4	5	17	49	445	42	51	19	399
1	2	105	28	139	241	6	264	1	887
15	3	15	3	6	152	15	21	60	17
1	2	2	5	139	30	15	40	1980	47
1	18	63	5	43	653	128	17	5	9
1	3	7	38	49	6	205	19	378	183
212	22	3	301	154	65	9	230	124	82
1	4	52	46	20	35	737	55	54	763
74	67	93	3	52	261	71	39	23	313
208	3	175	4	7	78	201	29	430	149
1	446	229	9	8	53	24	18	66	368
1	5	3	2	11	22	122	20	237	13
1	18	208	31	11	4	81	26	64	247
2	52	3	8	13	6	55	5	223	797
62	32	3	114	545	265	99	38	49	35
1	58	17	11	10	53	12	24	6	161
1	59	1	9	16	16	490	31	13	632
1	11	383	11	18	141	9	403	2133	106
1	25	3	796	23	202	15	109	7	8
226	6	42	223	93	343	47	42	9	296
1	77	3	69	145	19	850	64	18	69
2	1	6	176	11	10	177	41	40	353
1	3	73	83	54	6	116	114	53	21
272	2	3	19	10	159	10	7	119	1999
3	1	41	26	62	44	170	235	56	30
79	4	48	149	4	109	18	81	235	905
1	4	3	12	78	13	9	23	42	34
1	77	3	24	287	20	79	127	21	106
1	398	104	350	13	99	41	829	62	6
12	72	233	14	5	21	467	162	117	52
3	65	7	87	81	5	53	166	89	38
230	5	6	22	12	49	52	37	113	4
47	269	3	28	201	245	91	86	12	19
2	117	28	84	90	7	242	71	9	19
137	2	14	66	6	25	108	153	15	11
1	56	2	98	69	359	75	8	14	544
109	15	3	52	10	288	272	20	42	48
75	5	2	149	22	10	93	71	42	6
102	345	28	2	27	34	19	9	55	4
1	1	125	19	16	34	392	155	16	35
2	4	34	32	4	10	15	224	251	187
3	8	4	6	13	5	12	354	30	111
1	1	16	15	3	135	84	472	101	22
2	3	11	42	9	124	70	60	34	135
1	2	215	4	929	124	126	257	17	74
1	6	3	761	258	34	6	28	27	39
14	8	131	2	572	30	16	1043	647	341
25	201	28	37	135	12	83	174	123	125
1	3	27	55	10	137	10	54	116	66
2	2	96	63	77	91	504	141	2	199
106	2	25	4	71	6	10	493	23	160
32	1	37	4	23	9	9	16	176	213
128	10	95	54	132	10	865	158	132	636
1	2	4	6	27	230	187	19	49	82
17	4	143	13	213	31	57	257	15	108
3	3	10	156	78	198	402	393	104	78
6	1	13	238	8	10	88	70	65	50
51	3	217	5	16	62	25	91	5	18
1	430	136	2	180	115	55	214	7	9
1	2	322	19	10	32	148	142	75	65
2	24	47	8	60	314	26	11	26	9
1	1	8	28	91	10	76	461	33	178
1	4	3	11	27	5	364	23	35	22
1	4	10	56	29	15	1522	113	56	81
1	5	343	8	44	6	119	7	11	10034
16	3	58	88	19	28	64	11	94	392
86	2	47	11	766	231	85	68	446	752
17	4	4	3	104	21	22	143	58	725
2	6	18	134	20	59	26	12	138	159
1	44	3	153	49	359	9	94	171	49
46	4	3	6	9	332	8	128	2086	12
1	6	38	105	17	204	10	186	21	106
4	156	6	62	3	266	5	67	113	440
2	7	11	72	26	75	9	250	561	18
148	3	298	8	35	193	171	7	34	39
65	705	15	164	7	63	178	9	161	21
3	2	9	18	33	9	17	20	390	111
1	45	78	183	10	15	2	123	62	93
204	399	6	152	4	12	15	9	41	15
1	50	10	36	40	9	33	160	20	15
2	9	548	5	5	317	9	99	12	21
27	110	553	994	119	15	39	40	38	306
1	2	16	13	14	9	155	13	59	64
1	15	89	7	133	415	23	253	157	47
105	26	5	27	268	16	44	17	282	540
2	8	2	7	68	63	30	37	64	26
14	2	65	20	340	17	285	48	435	121
3	3	7	7	210	11	29	96	14	92
1	47	3	3	427	20	22	42	16	740
2	1	815	62	183	13	4	18	19	136
48	157	2	27	37	16	10	255	62	61
4	49	14	4	9	155	44	58	37	52
2	4	188	3	16	68	125	15	69	1085
13	1	40	18	131	32	490	9	25	21
1	1	198	4	47	19	89	22	29	46
1	9	50	66	550	28	93	88	84	25
1	41	83	30	15	190	475	10	68	13
25	2	4	311	7	11	49	28	600	103
4	2	9	5	87	19	43	40	264	55
17	22	116	64	20	18	245	8	133	151
2	3	95	12	156	64	44	84	91	29
3	14	3	18	8	4	15	33	43	15
