0.1 percent	0.2 percent	0.3 percent	0.4 percent	0.5 percent	0.6 percent	0.7 percent	0.8 percent	0.9 percent	1 percent
279	780	1240	3402	12808	4188	5939	8196	5853	3741
304	510	767	2982	9075	5173	4166	3517	4075	9340
380	202	1766	1888	3217	2296	4588	4682	8887	5196
1181	494	1873	202	733	11204	4926	2924	7839	11384
164	883	1426	2121	4121	2951	1297	6410	5464	4902
74	868	4803	1866	2456	12064	4692	3866	1969	10303
25	3296	2959	3866	3022	6688	6047	4122	4732	8440
241	1240	1185	1897	968	4579	3241	3410	3136	5245
2461	1036	2132	4515	7053	4621	20671	7558	5605	7316
241	1455	1100	2101	612	1495	2421	5161	3837	5930
603	491	760	284	3820	5108	3668	4548	9156	4736
660	1531	3606	9150	4038	9272	5747	2643	10222	5569
943	502	7636	2001	2634	1177	1693	6704	2428	4646
1150	1527	1037	1898	1841	1920	5098	4233	5678	9502
126	1345	2812	2814	1553	1832	3314	5100	2385	5746
806	1588	1331	2050	3231	7144	6420	3299	6878	5639
691	1270	1901	1071	1930	2580	2831	3398	23263	4206
5439	6485	3017	918	4933	1818	5407	1080	4989	11691
881	1133	777	995	5357	2222	1636	3381	2685	11399
368	693	1610	1376	1902	2933	3601	4542	7267	6759
2607	17	1312	693	3279	5487	5630	7099	2874	2004
1422	1683	3122	3351	2716	1317	3967	6940	2121	5926
925	1464	2345	457	2764	6143	1919	7030	21470	11187
1111	1227	1149	3482	4956	3408	5173	3060	4514	2843
814	4459	1712	2844	1353	3638	4991	9631	8427	3315
744	3903	5064	1056	2978	5573	4010	7123	8530	19757
223	2320	4054	1757	3996	2941	1651	6853	6037	7551
1151	261	3470	1830	2590	2828	3378	3740	2290	7263
25	2489	1343	4641	3043	12067	1171	6303	6941	10443
643	1107	276	2283	4392	13533	4057	4608	4865	7592
866	8277	2151	1874	1591	6291	3904	5218	3598	8252
975	1427	2868	3731	4541	5173	6695	3103	4228	9795
879	732	3143	2194	2789	2532	3522	7923	12330	12487
886	3704	607	2184	2672	3029	7557	7161	4988	5606
954	1149	2187	3951	2230	6137	5087	9314	19948	4576
448	0	4909	752	438	4148	1591	1843	9466	1582
118	1028	1723	2517	3537	4074	16284	2549	6596	5923
34	145	1675	532	4381	1981	6103	2881	2956	4333
2072	1761	2517	1819	1373	2741	2381	12718	6532	6029
409	1698	818	2426	547	4768	3817	3870	3403	8853
444	2250	2384	2763	3186	3797	4373	4791	4459	8308
1182	1383	20	3103	3007	5084	6394	5321	6144	3856
3	2308	3533	1861	2000	6327	2315	3580	9889	7584
1054	474	2335	3823	5429	5104	5003	7774	4745	6188
898	673	1333	2168	4827	2480	1717	4107	8483	3026
472	21	1296	1437	2553	2141	1889	9566	5849	3044
266	159	1816	3105	3809	1188	3336	11261	5013	3452
236	869	2488	3832	878	4855	6415	4412	10334	4077
241	2752	990	866	6938	3345	5548	4448	7939	4918
478	627	1172	3135	2487	1619	2730	2035	5713	7506
1853	1627	9048	2189	3052	1816	2980	4990	16463	10904
1014	1734	2126	7786	2501	4599	3870	3540	5609	1856
63	1634	2665	2659	6364	4324	6881	7582	23083	5106
545	78	1256	310	4984	2577	2298	4719	3339	4219
2302	135	870	4831	2732	1795	10204	10611	18414	6216
755	464	4132	3588	3110	5280	1887	3670	6360	8283
0	1539	2661	1948	6934	2355	4434	5442	4796	4753
4	1000	1616	736	3448	5733	4414	5508	5094	2884
316	1754	3127	4309	4313	3218	2585	6036	3886	20083
1080	965	1519	7356	3972	4980	3249	4465	4663	7023
271	1616	2348	5618	2231	2646	4283	22421	3106	3707
827	1352	6169	10558	1673	4761	2536	4374	6366	5175
1091	682	1508	5658	5667	3682	3398	9346	5362	3061
1655	2867	1167	3990	3428	1413	5832	4572	9224	6777
3304	2291	736	3548	2421	4442	3145	7533	4432	19003
702	1035	6522	838	2163	3530	3128	9291	7414	16927
267	1789	3562	2985	2475	6222	4793	2295	3816	6475
271	913	1795	5536	1803	2317	1482	5819	5252	7454
13	468	4258	2925	12704	2467	3478	2988	2726	9550
834	183	3014	2135	7305	2067	4350	7549	3458	9049
658	1775	2429	37	1431	706	2915	7890	4689	8022
381	1239	239	1722	571	3400	5492	3526	5735	6462
423	1314	1320	2097	4053	2636	8809	6515	13453	9882
64	3094	971	1488	6478	3383	2780	4106	5467	13688
860	4846	2583	2525	1139	4307	2754	8376	2690	9249
951	1297	1140	2002	2861	2427	4036	7918	3772	11137
401	497	1130	3689	574	5490	4095	10576	14953	5256
750	666	1254	2331	1103	3357	8176	3799	9607	2924
480	292	1927	849	5892	4884	3620	5568	8208	8589
1682	1590	2521	3197	5175	3335	6668	6651	4863	5838
594	1235	942	1213	1458	1908	2660	2711	3237	1724
31	1869	1387	1486	3604	4488	4445	18491	10838	1420
302	272	1179	726	3538	2844	10369	2802	7712	5764
631	1358	1204	3445	16277	4563	4883	3774	4834	7942
415	815	2072	2481	3204	6841	5567	7339	5906	3993
1271	3022	594	3642	254	5023	3061	2952	2147	7592
616	918	1032	3402	2083	3734	3565	6101	4252	6734
1197	2458	975	4154	3254	3508	4194	2060	3071	10218
283	160	843	3409	4878	2470	5903	4865	9296	2907
1826	1598	2790	30	2070	3503	3169	3495	4531	5017
204	297	975	982	1184	1438	4885	4068	4022	6103
840	982	3010	1475	1618	2202	2166	4574	4153	6025
1277	8655	1814	220	2631	6297	1693	3918	8827	4470
396	3107	4150	1712	5351	3722	3260	4137	3537	5496
1075	13	1622	2835	1593	12	1203	3747	3602	5549
1332	1685	1448	700	5236	4739	6157	5034	2120	7827
77	479	1743	1961	2335	3772	3996	5219	5390	8014
179	1769	1886	989	239	2187	2174	7190	3979	6883
179	729	2453	1799	3821	4434	2887	12693	3251	7161
1066	1285	362	948	3010	5703	2792	7021	5189	5388
1276	252	826	2599	1848	5333	3835	2396	5199	6693
21	294	1601	1883	3695	3527	5700	3406	5866	4357
478	540	1718	883	6001	3536	5376	2611	9428	6848
1143	130	1952	2542	3749	10531	6084	1933	5660	4825
115	1667	457	2900	5443	4602	4418	3254	5386	3129
749	2373	1089	2052	2431	4872	5591	7230	3594	5168
637	1016	604	1440	1051	5002	2600	4914	3178	8570
521	1017	4447	1201	4502	2647	3444	11641	4358	11549
420	254	1408	2082	4000	5823	5754	1507	7842	3123
1401	1075	4784	2002	1965	4439	3270	4188	5724	4679
358	801	2776	2445	2891	2265	11764	4800	3220	9490
947	2507	2576	1930	2584	2226	4631	4447	4403	3603
148	729	672	1650	3314	2274	3880	2064	4843	5155
670	1349	3199	3435	3224	5180	5746	4823	2479	7125
1787	457	3059	7486	3422	4677	152	2482	12511	2484
1007	1456	2436	2693	2620	4882	5914	8550	8633	17154
337	2658	1201	1571	4604	3249	11418	5280	6965	3027
1275	686	2956	2243	2018	3726	2318	4209	11071	29250
30	1250	1446	552	4982	4958	2565	4098	4461	7029
502	43	6728	1926	3940	9524	5964	5926	6408	9290
192	1782	1257	4613	1508	622	5686	3059	21599	9650
252	1	821	2859	2235	5023	1058	3617	5101	8811
35	421	1968	1145	1126	15249	4053	4786	5366	8098
3033	831	797	2851	3140	6961	6387	5091	3120	10695
1603	1738	3942	4726	3684	7622	8052	4842	5702	25727
519	1211	2582	2193	2612	1287	4110	5802	9853	9942
415	458	599	1840	9009	1092	10179	3862	8318	2380
674	485	1732	3352	6178	3520	954	5892	3467	5299
11	3470	854	3597	1687	3344	8733	7173	3857	5659
483	2023	2018	2370	3576	3386	3380	4059	5931	3042
610	967	1748	1925	2691	2512	1008	6016	8855	2792
1588	437	1911	4164	2970	2097	2743	9636	5551	6296
730	1592	2735	7839	3152	861	5048	3411	1154	3046
124	1184	1288	1384	5013	1120	4219	7290	6471	5414
1383	1068	3586	1654	2836	1839	1874	8010	5856	5734
448	1157	2337	2997	1743	2614	4258	2721	4450	6348
888	596	3093	2887	2198	6478	13255	1898	2364	1951
569	872	4319	6948	3546	2529	2837	2520	3534	10124
539	1518	6710	1427	4400	3993	5900	4734	6514	7878
409	1557	2330	1313	3964	2412	4848	3214	6981	2153
12	847	1545	4198	4222	2880	2272	8497	10734	5418
612	618	2495	1682	423	5050	5529	2375	4684	6752
90	2221	2069	1423	2834	6202	5291	3391	8603	10691
352	28	1933	1636	4143	4212	4714	2224	3649	11732
651	270	896	2071	2708	4196	3333	5128	7606	9658
423	635	1832	3651	2479	6467	3337	6815	3181	3272
410	2411	1291	1854	2111	2507	5125	5798	4450	8923
634	901	1655	3503	4729	1801	9433	9041	4846	18404
900	1970	1006	4130	4111	12322	3121	3665	4700	8391
591	897	2190	3723	5376	4447	4665	6394	2402	6351
514	4225	2593	4000	3446	4090	4225	5043	6595	6557
659	1144	2198	2749	2063	1167	2798	2045	6432	3958
457	587	1785	1745	5098	2712	1904	4742	4617	9436
2757	509	3523	12838	7689	1383	3638	5339	4410	5637
1001	2231	1113	418	1207	3993	3280	3523	10229	4777
1133	459	2677	2107	905	3297	2089	9056	10375	6234
1254	1478	1480	2834	8384	1183	6566	5789	5783	1710
156	912	1402	1772	1258	3249	5869	3635	7444	10494
302	1418	1500	2400	8205	1408	2281	6935	4541	3673
562	233	9339	3724	2693	1678	3566	1906	2885	8526
4103	1495	1010	4361	3257	523	6710	6005	4527	6889
1228	617	3094	1970	1665	5783	782	6967	9179	17334
580	2279	1490	937	3730	3752	3032	2544	5782	9751
165	1183	3030	1095	4078	7214	13281	13911	5923	5785
155	1505	1320	967	2942	2933	2301	5290	3378	5310
263	1422	812	2921	3289	605	7300	2401	6412	6374
261	1049	2157	1938	3572	2360	2162	1828	9271	9729
60	6553	1780	1148	991	1902	3291	3765	4262	3514
1660	259	5384	5573	2906	2521	3773	6286	5827	3789
1829	1519	1142	4915	1468	1755	3493	3407	6054	3621
1174	643	723	2640	1665	2877	5112	4929	8658	4752
62	592	181	4936	3952	2036	5437	9972	4147	5080
643	1591	963	1079	3214	2982	5860	7556	7839	23172
10	1812	1882	3697	4092	3561	1026	4065	8177	4456
52	591	4720	2025	2532	3157	5950	8370	18805	8332
1284	1836	1405	1573	3791	7031	6856	2797	7429	7826
484	3210	1168	1717	2305	8737	4243	12944	3342	2799
657	636	258	4610	15253	4865	3960	9990	8430	5335
92	1317	2185	917	1597	1435	2992	5619	2754	15627
1345	2206	546	2504	1350	2964	3304	7138	7246	3871
98	959	701	2402	2867	1159	8292	2412	5693	3476
73	454	3639	2122	725	4823	1545	9889	20373	7576
1492	692	4846	2446	2953	5185	683	2493	6356	2754
398	1678	1290	1231	3049	2040	2167	4924	3793	5493
81	1711	2476	1874	10274	5453	4451	8034	7256	8305
1041	302	543	2165	3411	7498	2434	5390	3874	5458
962	1461	1457	2997	4111	1020	9184	8660	9406	1678
1367	1592	876	3363	4219	3645	2783	9490	7741	11847
716	784	1001	3135	3347	2821	3414	5071	3481	6546
134	1549	10198	1895	2812	3738	7733	2320	5015	7760
453	3857	1893	2823	3704	3871	1062	8306	2531	9865
18	674	894	3172	1300	1949	9785	2304	4986	4344
793	252	2490	2132	2023	2628	3372	7097	5751	17642
177	1818	1839	3933	13499	5477	5141	7782	7674	4912
658	457	1840	1757	2672	7898	3994	4372	3862	10298
1531	2672	512	218	3161	6839	1007	4520	8511	8098
3385	1097	3115	7905	3965	2665	26909	4879	8808	5160
1157	1873	980	6374	730	3711	5191	5854	3984	4652
722	3051	800	3185	3947	3126	4336	3983	5167	2790
892	190	2278	1519	1104	5174	4040	3137	3098	5080
478	1658	348	1479	5611	3665	4457	1986	10363	7907
506	852	633	6842	3391	6862	5406	5944	21441	13906
577	1909	1338	3248	2888	2038	4220	5230	6393	4653
732	437	1952	611	714	3681	4016	4955	5275	3130
1152	761	624	2669	4926	4685	5567	1999	11316	8608
150	2435	1356	1519	660	1315	1912	3477	7117	3854
340	1105	24	1953	803	1407	3440	4780	3092	2781
251	1461	1152	1310	393	5146	1912	4887	5762	12419
493	569	1425	2189	5464	2298	2758	3740	10484	9218
391	1302	3953	2832	2837	4843	3012	8148	5645	3760
3370	2456	1843	927	4317	3034	5661	4547	9104	7763
953	1846	1171	22	2846	3441	9262	11838	1928	5284
404	2856	706	2149	4161	2874	6640	3782	4217	5513
438	619	327	1554	1933	1312	6443	3072	7543	1837
404	1341	1704	2158	2131	4303	2333	3317	11157	5185
72	1394	1687	701	1621	1058	6820	7010	4495	6164
368	1271	1115	1821	6243	2976	643	3017	4377	5309
982	887	2236	1710	2390	5160	3134	2539	10266	4602
532	513	869	3147	5604	2648	3508	1869	662	8141
81	178	1190	2067	4649	4681	3896	5721	5692	8421
17	1858	2625	2891	4199	3079	9131	4467	3135	5075
680	911	3221	5023	4301	3594	3189	10763	19507	3901
153	516	1969	2352	4943	2260	1106	5187	5950	4842
204	710	6	1335	6557	3468	5200	1982	6089	4986
937	1076	4041	477	2318	4383	5263	1871	3101	9531
775	3135	12336	1430	2494	397	3057	2177	4137	22512
574	2531	1669	3329	3010	4498	9997	6149	16147	4218
485	1089	487	3625	3425	4453	6371	25435	2532	6576
165	66	1499	1188	2098	3992	1837	6496	6383	2724
74	138	458	2238	1178	4786	4840	2851	3144	3736
1067	1427	2802	2454	4163	3600	7928	4598	1692	9057
109	691	3488	520	743	2555	3734	4167	4046	7029
393	1729	2231	5480	7791	2191	5469	7004	7336	7455
3836	1996	624	713	2275	3801	3627	3915	1484	59
26	247	1110	2740	2201	4300	4550	5104	22174	6313
7	2830	3968	5053	3708	2076	2571	3320	7431	4400
436	914	1152	1872	2126	903	5224	2565	4664	6658
1194	900	4032	5077	39	2028	2111	3566	3897	3963
1130	1009	710	3484	4739	5607	2657	4949	2218	1833
650	19	1550	3558	1889	949	2587	5245	4987	2835
461	867	2599	1855	2987	1732	2984	5995	8757	23788
274	410	1258	3408	2838	3282	4956	5796	5437	5737
1633	1881	2364	2130	3776	718	6652	7419	3128	7559
117	612	4939	3814	5894	4070	1284	3346	2784	4087
359	2062	1835	2583	4865	2928	5542	3890	8294	3597
342	1995	379	1765	4463	3197	3320	4213	3253	2032
865	2013	937	1808	1109	2475	4125	7179	11777	11844
27	1972	2296	2554	2143	7425	3344	6499	5281	6170
268	1568	2311	2714	2664	3028	2802	1719	3578	10764
620	536	2225	1700	1104	5172	7750	1676	3096	11348
783	602	914	3835	2903	2352	2609	5925	15109	11085
786	802	2181	3026	4966	4008	2515	9491	8959	5513
1632	1186	489	1803	3268	2996	3721	2490	8674	5179
731	3603	558	1240	4076	4707	4905	6556	3046	6288
1441	1328	744	3203	2028	4868	151	2842	6961	5750
984	878	2318	1388	1537	1627	4732	3941	2814	8649
803	759	216	3912	2598	3961	2728	4388	4360	8020
757	876	1589	2760	1896	3327	1083	2702	5985	4708
255	503	2546	4036	1285	1624	1501	5742	5868	5145
222	460	2964	524	3450	900	7865	2759	5725	5254
873	1093	305	2446	2501	1864	10867	2391	6062	2937
309	1533	1369	2171	1507	4598	311	3509	11794	6106
742	1343	2658	1744	4397	2188	2372	53	8623	10168
124	873	1208	2903	3749	2533	5746	7865	4781	10166
762	1816	1902	14838	1727	1548	1278	4754	4991	2845
822	1405	1214	4530	2149	5418	7119	9265	9411	7709
125	1838	4060	2237	2793	2590	3390	5875	21209	5077
559	777	722	3512	3397	5674	907	19996	2446	5178
389	1157	1174	3011	4380	4284	3622	1490	2865	7750
530	497	65	1963	6361	5313	4059	4501	10728	8844
342	583	2276	2491	4528	3545	2618	2491	7864	5513
590	1865	653	1920	990	1825	5465	4890	8765	5027
449	2246	2051	2998	1156	14	5668	2914	6611	2287
736	1168	1314	1696	3701	19842	4396	3407	116	4614
34	1309	1399	926	4108	3572	11195	1285	6302	6268
549	692	1427	2566	2659	2367	7861	4769	2600	5944
737	2066	2686	2456	5672	2885	5658	11816	24521	5511
714	1479	313	1888	2596	3549	8135	8475	6356	2383
181	1290	3142	2815	2964	2092	5233	8099	8807	3491
848	330	2089	4444	2852	2574	7090	3116	9086	4279
233	230	2521	2489	3016	5906	2616	3989	3016	1885
1624	504	2867	3012	4130	4817	2587	7244	5407	7599
2163	131	1083	2718	2846	3411	8699	2300	3147	2122
102	505	2642	3308	2698	2556	5051	6664	8714	7924
1356	1259	1494	2113	2563	736	4624	4560	10057	15014
723	1474	3778	1196	1643	2281	929	4724	6484	3973
730	839	1184	3942	3225	4739	4280	4193	3589	4452
1311	813	2106	3188	13471	2694	11474	9333	7160	3144
242	957	962	1174	1537	796	16010	3397	7692	13673
437	1535	1047	925	2063	6464	780	4018	5185	8763
2018	1506	1334	5569	1312	3653	6169	5795	6353	7713
458	424	3569	2662	4345	5294	4955	11594	1812	4135
1945	1713	1987	2914	4782	3487	5161	1077	11053	11823
212	1278	3899	1399	2582	4340	5946	4482	8404	15867
522	790	1338	3115	3790	5340	5344	6467	3911	5784
387	995	1662	2211	3561	2678	6111	5364	5002	4350
543	1865	2318	2010	2387	4494	3092	7070	3381	1943
705	793	1316	4316	13721	8663	4527	4256	7056	9490
795	2163	1857	1673	3953	3220	4330	4326	5501	12168
1673	1345	4597	1471	918	3689	4899	6529	2309	3295
252	791	3540	1111	2062	1321	3528	4051	7289	8360
359	506	1145	5867	3101	3594	3969	4570	7616	8485
369	2154	2056	1752	2346	4997	2602	6264	6277	4674
1245	1150	455	2991	4601	4077	5344	5733	8074	10371
121	2399	2197	2004	1818	4491	4186	3989	8076	8587
673	1303	1771	3299	2456	1595	2805	3120	4433	7381
750	2215	1646	1745	3540	5443	5183	1086	3952	7704
625	1638	1728	1221	2507	4737	6334	3680	3220	2779
1233	427	6890	1244	2473	7539	3395	14584	21061	4477
1258	4313	7702	1173	1102	3101	2069	7161	9009	3938
964	448	1122	4847	1226	4922	2448	3826	8855	4587
0	982	3045	16837	8127	1526	2855	3331	6763	3951
309	2970	298	1644	2067	5694	3233	4806	11956	2828
1001	2300	1432	2718	2126	7382	2386	5790	3994	9627
612	889	1409	1234	4229	2797	3730	2745	8140	6309
221	1662	1570	924	1696	2636	3080	4203	14746	3660
628	579	1687	2713	1891	1828	3150	5100	2111	3256
266	946	690	2672	1789	959	6525	5284	1796	3749
15	496	1983	613	3940	3633	4677	19641	4740	4200
414	802	2232	2612	5506	4272	2662	885	9797	9742
34	1571	1068	883	2356	9772	2330	5634	3666	4921
284	2838	411	4640	2748	5692	6168	6898	3733	7547
241	1044	1800	2414	4979	3101	5395	1772	3677	7660
1058	9	1219	1453	4323	3627	6138	6898	9181	9020
1108	1627	523	321	1539	3814	3965	5394	4355	9116
35	1549	3095	580	8928	14712	9822	3346	9505	3357
1724	772	827	2723	2809	2933	4845	8961	78	6545
274	1435	902	2529	3223	3310	5442	6198	8571	20323
1289	1395	2379	2945	1388	11407	6271	6153	6634	9452
1059	146	798	7193	3130	5355	3108	6623	3075	4395
1178	1153	1135	1714	2993	3468	4886	5812	2521	4238
2339	4069	2691	1570	5106	7352	5029	4550	7738	4909
1725	2949	2448	8559	3777	3022	3747	4240	5066	4455
472	1293	1129	2994	3711	3499	4481	4540	12184	8039
23	1031	1253	10662	1342	2206	6843	12267	6864	3299
713	1716	957	1562	2885	9766	2361	6766	4727	7340
366	587	496	3158	2965	1151	3349	3871	1765	7711
366	1196	465	9080	3132	3389	10863	5039	7985	5157
545	792	1712	5176	1866	4139	2386	3278	4384	3298
706	1464	2783	1016	3957	805	7452	9168	3150	22509
100	822	1096	4852	3668	3948	5130	3612	3573	4967
514	2230	1946	1418	3209	3533	6278	4775	10097	1955
6	2591	1293	16111	3123	2580	4597	6240	2024	3578
188	2141	2163	1887	8675	7575	8074	4618	2592	10180
423	76	1772	584	5206	6241	1654	13198	6151	6825
95	2182	1243	4643	2808	3189	695	7005	6671	9076
3375	898	2760	3823	2042	663	747	5787	6381	6275
1135	66	1979	2401	1919	2599	5729	5614	4836	4569
1049	105	1258	2046	4848	6442	7442	5399	2892	11153
1111	2315	2287	1692	1903	2345	3196	7350	5759	12258
497	1273	1525	2585	1658	9697	3121	4199	1781	3442
497	731	2837	1914	2846	2057	5464	3127	3923	4593
901	2158	2306	6333	3040	3248	4281	2300	3436	9869
753	376	197	4124	2211	818	3779	5277	16440	4521
1523	1323	1087	1116	2407	2257	4468	5376	1170	6558
447	1568	2377	2155	2585	13736	4966	2899	1530	6549
775	6400	3591	3854	4964	725	5262	4950	3374	8169
143	3472	3579	4073	2933	1359	894	4090	5047	10336
268	1290	1579	2438	2195	1600	5318	1598	2585	7387
740	1255	709	2676	1996	2730	1515	3402	10586	7643
465	1207	1908	1899	1300	4068	2475	2195	3095	10357
2753	2182	1037	1475	4533	4860	1930	4811	5459	4591
632	4679	1651	1861	1186	3993	1919	3286	2363	9697
24	9	1930	409	5058	2484	4595	7423	6124	6418
595	33	1273	551	2802	7428	3291	4358	5186	2808
947	191	1880	2764	4213	4635	2139	6385	4425	4491
9	909	2446	731	1152	9	5505	2209	1056	3918
1114	406	6607	3063	1624	5702	1208	3437	6627	9344
9	1832	3676	1694	3168	4133	2172	10323	5828	6194
881	1463	893	3065	1022	7433	3439	5015	5922	2312
38	1182	1419	2483	1472	2890	2585	3904	4022	5286
381	846	1527	5961	4258	2057	5448	6098	8237	6267
132	1712	2558	2460	1957	1757	18070	4243	1522	4474
63	1657	1831	4094	3498	1801	14620	3876	7951	4622
32	1699	3204	2209	1232	2735	3914	5294	260	8168
361	779	3350	3348	2213	3692	9035	4085	6377	20410
74	3033	1098	1458	2364	2867	2316	2960	5305	6905
494	304	1339	2752	5219	2480	8236	2154	7493	4183
553	1022	2291	2515	3534	2110	1801	3402	20525	6902
1698	1336	263	4202	2631	3357	4792	4268	9833	4708
192	381	3137	3230	3772	2742	4995	5123	2300	4770
1330	1746	2622	2072	1917	2155	3366	4343	3563	5410
598	579	2417	1110	3277	3385	8016	2659	6587	2585
98	607	1331	3630	3439	1421	3254	3826	16289	3112
255	1122	1902	1648	987	2145	3787	1059	4996	6625
448	1371	1591	6002	1891	2273	1894	7520	4761	5644
868	916	2687	4982	3042	4068	6681	4680	7154	6851
395	743	2846	1069	2549	4108	2892	2986	4523	4265
650	818	2046	4904	1065	4747	3720	2808	14701	2244
602	1713	1829	3651	4175	5920	2648	12493	3968	9148
767	1145	3009	2908	2883	5371	4596	3300	5887	5815
862	1340	1703	3672	649	2127	1291	2982	5930	8207
3474	999	1094	4384	1711	5889	11896	9672	6525	3788
708	358	2976	3421	3029	4947	3497	3546	22384	8662
3	716	311	4108	4991	1169	5160	1828	2616	9936
338	3333	1989	3696	11194	3311	4223	3814	6945	4113
4834	771	1869	1832	3110	4139	3151	2264	3298	9328
717	9670	2781	2803	2219	8522	4460	6925	4670	5790
824	1015	1233	1807	1519	1283	2612	2129	2861	5682
959	1895	1933	4007	932	3852	1794	17980	5227	2815
827	732	767	2786	2041	2339	5270	4999	5427	4158
742	1328	3359	2435	3848	3115	4988	6868	5696	6302
543	121	2443	3486	10279	5787	4192	3202	4938	6330
209	1807	1696	1547	1985	2653	6938	2941	4536	1822
1099	1138	489	2277	5288	3123	5326	3758	21687	2477
1311	403	1264	3444	4541	2030	6769	4041	4293	4386
34	1264	1426	3607	2215	2498	4014	17440	4407	3987
1152	118	1180	1345	1240	3416	2570	7962	4548	4307
667	1109	1824	2529	2075	3327	5994	8338	17442	2191
1314	536	717	1443	2878	5024	8542	9791	4768	7923
595	1433	629	3162	2300	3117	2703	15548	8848	11792
552	2268	1598	3429	3811	1462	8450	4298	2211	4123
572	799	779	3732	3699	3475	7822	5368	6023	5963
41	2458	1088	1948	3833	9836	5528	5101	1652	13405
469	2066	1434	672	625	3743	2856	2117	4344	5242
499	351	525	713	2025	6001	7410	11581	7356	4369
648	1833	318	1880	6305	2359	5451	6216	8788	6789
611	2917	1248	1602	1356	2521	3952	3948	7734	7337
315	2121	23	4198	1366	2517	4966	14446	3279	10960
1429	3201	2107	4334	2524	5761	4813	5949	3374	8602
672	558	1361	3616	5253	1064	3087	5812	4869	3913
656	2844	2527	2534	1750	2831	11029	14144	3405	5559
1009	1163	2024	2018	2734	1403	5833	3507	5667	3561
1665	1715	494	2505	1614	5740	9776	6830	6046	2204
27	2013	1727	4654	4632	1982	3226	5021	7490	2845
2158	1784	989	2763	2883	4324	6574	4639	3107	7117
113	1363	1606	1949	6547	1351	4599	6590	18114	3331
718	2160	423	4019	4127	3920	8505	3948	3952	3942
1602	1826	1513	2224	5224	2013	5805	6311	4540	4134
1344	306	940	3058	3102	3781	6805	5754	6122	6242
330	2301	904	3235	5991	3629	1312	25894	4883	2506
742	2159	2000	1380	8661	4445	3150	2860	4943	10209
1152	790	1139	528	2002	1983	6012	6829	3228	7062
969	3284	530	253	2102	3178	3464	19339	5549	5787
1146	2210	1247	3481	5226	3997	5744	3324	3202	7179
1417	1092	1777	1696	1227	1999	1444	6955	3425	2575
3347	734	695	2572	6433	5841	2211	7672	4643	6959
659	3741	750	2882	11394	4202	6680	3537	5619	3463
468	495	805	2796	2226	6361	3460	4361	2610	1670
14	2061	5794	2240	5082	6884	5820	4182	9995	7899
1284	222	1248	1561	2316	4275	1159	2120	4468	5148
4208	1497	1939	342	4318	3321	1133	2195	9406	5452
2224	1421	1506	2183	1370	2031	20090	1522	4823	4335
272	2986	327	1324	1860	8966	2535	3526	3389	2424
466	943	2871	3647	3559	17210	3694	3141	8733	5604
36	187	1459	1511	3962	5661	5250	4551	2751	5549
513	640	395	4684	4949	6684	7742	6262	3638	6903
41	887	1757	1584	3333	5021	1535	6876	3383	2604
1957	814	3964	1931	3907	5219	2792	4217	6551	3981
1011	2305	2283	1685	3417	3027	1401	3023	2491	2119
99	1212	1944	1288	5258	2768	3230	2785	10562	14584
1044	2395	1480	698	4414	6981	4426	6672	4688	7276
882	1023	2033	1121	3273	6750	3155	4523	3468	2071
349	1301	2551	2956	8218	3223	4515	7515	7001	1152
668	1036	2615	795	1586	13193	7536	6137	5434	5534
5	727	3204	2295	1171	2471	4791	4441	5209	5607
7	985	2587	4623	4449	3916	2087	2926	4443	5979
339	1269	366	2191	2553	1835	5064	4270	4417	4832
2	1022	2454	3867	3147	4364	4366	6167	2149	3500
743	507	1094	1421	2003	2973	5805	1868	4478	7461
270	5816	1598	3845	1189	3241	6166	2419	4352	5571
1921	1287	2674	1303	3635	6613	5160	3413	3124	6262
614	949	1119	3562	3776	14865	6951	11637	5607	9738
275	1666	4074	2291	5303	17959	4102	3445	4673	7680
398	1468	1208	32	3870	3509	4593	5479	5466	3318
1986	481	1835	1524	1877	2021	1175	4320	8140	8479
1553	1299	2739	1788	3203	5731	6419	6224	1701	7155
742	1207	1381	1127	2212	3500	3256	2131	17542	5433
1175	186	1313	1796	1510	3514	3410	6204	5634	5202
427	2775	2640	2686	2071	8118	1549	2957	4357	7712
473	1330	2920	3988	3107	3717	5378	3162	6680	3903
575	1906	1325	3701	1083	3691	3849	5474	3787	8777
2675	1723	2346	1659	12497	2782	4756	2869	3712	10320
244	1069	1508	4960	5366	4438	2770	956	9638	9791
275	1667	1984	4113	1026	2654	6490	1774	7097	7438
1276	1715	880	3282	1942	3013	5069	10437	5743	6589
27	10	1972	2898	5625	8834	3961	2779	5642	9637
1041	2309	1106	1980	2792	5429	2707	5852	5524	8112
116	2029	1	4068	2902	4045	1267	6365	5737	6790
201	1508	1159	1932	3928	8791	1878	2983	8154	6371
329	2127	3164	4585	3136	4327	2850	2771	1766	4604
194	131	1138	59	2070	6048	1320	12991	6312	13528
1846	3096	2340	533	1549	6845	4076	2066	3811	21709
862	834	957	2054	2028	2088	3488	4612	4762	2318
689	90	1491	1290	2932	1112	9198	5881	2340	10247
745	593	2191	964	5435	6071	3453	13068	4172	8143
295	785	1548	1173	3667	11435	8917	4390	6807	7586
1004	2328	761	3531	4382	6157	4697	7060	3066	5287
492	357	1970	1740	15341	4217	5341	5152	2042	4926
660	1748	323	2089	2116	5263	5988	3540	2409	8555
1047	246	688	1257	1400	1607	1678	6454	1668	8006
9	892	1037	3712	2014	2253	4961	6753	2802	7747
656	1621	1972	2435	1686	10914	3673	2745	4665	4902
574	917	4546	3030	5771	2583	24549	4975	7493	7016
1748	1268	934	1217	3606	4805	2160	3119	4712	4904
2497	1398	3797	1756	4882	3605	3205	3198	7172	8324
464	264	2681	4151	5402	5705	7277	7736	6756	2769
708	1464	1683	1758	3714	17470	3501	5265	3253	5062
537	423	1965	1913	9884	1549	5598	3635	5336	3675
4	1494	1135	2327	2782	5510	2655	2085	4228	4707
