1 Sq Mi	2 Sq Mi	3 Sq Mi	4 Sq Mi	5 Sq Mi	6 Sq Mi	7 Sq Mi	8 Sq Mi	9 Sq Mi	10 Sq Mi
210	809	341	0	729	334	241	127	338	220
111	218	104	418	349	208	261	102	1232	105
238	349	212	452	717	0	477	1654	635	488
329	112	274	136	303	631	304	313	378	676
369	129	377	792	204	452	518	429	223	305
208	382	113	178	334	186	323	141	101	213
107	134	392	210	229	0	761	264	596	232
0	403	176	370	239	215	226	210	221	261
219	262	320	102	622	228	237	416	902	227
0	120	115	445	101	322	221	105	432	105
113	235	366	104	334	109	227	239	374	537
0	103	297	332	364	0	497	204	183	201
231	450	236	134	108	547	553	496	110	450
133	0	424	115	526	277	536	569	238	198
428	177	342	0	223	376	247	103	218	196
109	137	332	112	283	208	515	321	110	558
348	146	109	212	235	0	355	225	148	328
299	121	110	173	641	180	273	336	238	345
246	128	282	264	0	455	413	636	146	344
319	373	423	136	0	334	336	799	101	222
0	456	574	105	258	530	520	422	213	139
162	0	106	169	373	289	656	247	723	140
246	0	106	102	101	126	203	362	546	134
231	105	147	331	310	309	0	106	216	101
105	114	258	316	464	0	570	223	483	935
240	226	367	324	488	543	360	211	328	243
106	111	227	101	129	495	247	848	274	468
0	0	963	416	128	363	0	322	458	463
107	342	220	512	934	205	724	221	115	336
103	181	217	224	121	693	282	427	445	139
136	120	155	459	100	557	282	412	105	432
183	202	279	202	621	116	355	409	113	575
113	129	0	145	227	113	1031	108	238	463
110	235	221	474	335	312	112	743	375	105
0	105	369	499	218	899	352	586	131	335
477	245	399	126	203	291	203	248	542	215
343	596	211	102	143	114	530	266	207	656
107	115	277	228	588	106	427	1033	0	588
197	115	343	527	107	504	114	211	644	0
306	324	262	573	200	325	229	277	118	102
141	0	321	351	165	436	335	471	307	332
369	151	536	0	116	209	236	542	585	642
125	0	438	219	186	234	237	122	105	666
148	288	122	280	335	113	248	169	556	335
0	305	566	148	224	266	114	210	968	203
226	610	346	117	438	115	126	211	254	323
0	274	103	111	462	488	115	106	448	505
336	299	0	101	0	0	235	460	142	345
0	317	330	117	116	106	862	288	369	694
102	248	137	0	163	348	123	107	412	211
403	348	351	111	469	111	583	126	530	542
313	113	575	739	269	540	432	646	535	1048
201	287	163	111	312	229	583	0	131	430
514	122	240	396	134	105	278	0	103	816
142	0	540	349	107	211	278	0	136	0
128	568	115	281	320	211	0	364	1176	201
0	241	335	230	553	214	392	737	554	412
0	272	425	282	107	389	119	302	219	215
154	108	116	272	204	453	106	361	114	213
107	120	221	112	224	425	257	244	564	109
432	204	537	215	292	452	386	219	572	447
432	346	0	703	380	206	330	215	116	110
133	119	497	258	495	212	226	330	104	476
584	383	369	592	408	266	536	247	396	589
319	244	237	226	516	603	570	115	107	209
0	323	115	460	109	682	128	922	224	342
217	110	233	0	110	111	120	316	112	265
0	105	140	487	132	123	429	106	328	429
0	115	107	237	956	325	310	228	941	676
107	254	117	284	0	495	133	964	761	577
439	341	638	324	131	464	339	499	451	132
272	0	0	216	795	0	0	246	0	334
503	265	103	111	674	375	491	420	593	324
133	180	368	896	322	313	0	248	386	359
361	474	721	217	107	448	102	318	507	517
246	101	220	334	559	226	480	430	319	209
135	106	107	103	0	473	407	476	549	111
307	109	0	511	543	111	258	361	0	205
104	246	100	128	419	622	105	572	105	599
0	235	384	106	103	215	334	220	102	319
106	225	119	781	453	229	308	236	504	105
113	173	214	1195	242	513	0	364	339	1513
183	0	0	342	688	209	265	210	525	104
128	310	0	104	370	352	624	1085	271	108
286	241	216	214	208	136	386	239	299	345
353	293	326	598	538	230	210	187	355	225
115	712	209	263	247	128	554	342	218	511
109	111	0	325	126	330	609	501	760	211
108	391	115	222	436	117	207	333	0	215
104	0	261	251	407	408	264	720	559	111
134	360	0	106	545	0	113	230	393	483
135	112	247	434	528	345	503	222	476	571
235	100	349	474	337	104	220	478	136	496
111	341	115	215	632	519	861	257	0	234
143	105	0	605	516	470	292	432	1668	570
179	209	227	102	126	211	109	394	109	124
123	235	115	704	307	619	365	222	114	111
116	0	0	357	0	224	448	454	123	371
303	311	378	204	408	245	365	235	0	102
207	109	302	667	258	0	215	285	146	978
451	105	186	111	565	238	392	225	683	282
110	350	304	630	623	519	0	108	169	641
215	0	346	314	225	235	323	247	111	507
245	281	211	381	228	307	104	694	0	0
0	262	109	425	519	440	257	313	315	241
294	104	206	130	234	552	336	240	403	277
109	160	210	155	594	216	372	111	307	527
128	0	208	255	277	268	760	677	487	473
105	221	205	126	289	311	341	215	405	450
284	369	272	256	411	677	110	631	248	532
255	510	107	480	122	348	271	311	441	330
313	0	248	340	122	430	151	433	220	0
287	0	170	223	304	114	215	234	232	160
121	339	248	200	172	220	569	299	299	734
371	223	213	240	328	139	101	213	230	326
115	107	151	226	109	434	318	233	427	529
318	235	104	103	263	143	318	334	527	340
0	0	0	110	105	101	463	334	787	103
266	104	125	266	464	1423	359	640	0	263
170	214	313	635	160	219	323	222	345	629
469	211	0	359	115	284	467	218	722	639
411	128	109	225	104	110	245	214	438	204
112	169	108	234	369	377	346	398	325	363
109	458	216	241	224	346	560	109	294	445
314	333	250	104	141	264	121	667	460	391
0	0	107	104	0	276	104	488	403	126
158	0	113	241	617	342	272	480	344	525
239	373	103	253	401	225	0	236	296	209
0	349	0	417	115	371	483	140	470	326
214	543	246	552	295	106	306	212	461	306
739	107	542	427	103	215	115	840	362	317
0	372	214	110	228	115	316	121	632	421
0	281	127	781	353	148	598	222	215	107
187	0	228	501	284	347	196	1273	439	460
128	109	394	302	329	295	896	190	231	499
167	270	266	612	300	234	499	328	214	213
302	150	309	113	298	504	433	134	0	282
222	384	102	342	584	837	511	385	459	659
188	302	105	221	364	0	394	219	405	382
0	0	108	351	0	513	219	613	131	895
111	118	103	321	243	246	252	288	530	1236
440	408	443	297	492	321	777	488	279	287
0	379	111	217	387	221	113	324	745	117
0	126	284	423	691	0	401	225	215	332
111	239	435	0	107	384	208	208	359	228
115	121	245	121	240	0	0	329	0	244
253	359	103	490	414	566	105	574	210	0
0	239	127	101	286	312	443	727	299	122
0	233	122	610	187	103	345	213	305	150
0	0	357	104	387	212	441	421	0	322
0	102	185	391	334	240	233	227	316	211
112	370	355	295	172	0	480	264	277	103
397	629	163	399	270	0	325	307	0	465
248	219	213	313	233	226	231	309	310	603
332	0	209	103	214	0	221	200	478	662
105	155	216	104	481	370	147	376	262	0
112	138	602	540	211	381	363	503	122	318
111	226	575	538	340	603	527	572	437	316
0	227	312	345	237	188	504	355	200	283
337	317	1320	589	0	220	334	226	246	523
126	332	690	351	502	323	391	113	223	692
306	341	307	491	126	102	580	441	102	330
118	134	110	237	216	231	442	414	513	320
107	393	275	304	566	111	161	225	248	630
617	209	500	104	209	157	478	206	331	552
178	104	455	105	337	481	339	226	670	562
115	278	419	106	286	205	107	420	555	424
117	248	0	386	508	104	625	109	391	111
0	244	227	336	461	644	107	459	345	713
116	407	358	136	539	208	521	249	485	314
136	338	429	102	107	591	360	452	404	109
0	223	424	392	491	360	104	250	438	418
112	246	236	407	318	447	233	102	112	210
0	507	115	210	0	112	426	0	434	128
109	234	114	238	345	328	367	0	263	300
0	248	319	566	417	228	302	222	377	542
213	135	323	130	248	126	244	0	303	1285
326	560	184	261	440	317	208	255	796	106
319	177	250	136	113	397	289	127	107	609
117	105	846	348	106	216	446	0	840	607
222	433	228	211	214	104	224	496	605	208
110	222	218	244	428	319	0	106	233	102
0	215	107	215	429	220	107	108	323	0
391	354	106	105	235	107	108	831	444	112
280	224	155	222	306	787	206	256	620	306
137	0	0	109	432	122	344	329	611	351
150	100	342	303	111	436	0	448	532	337
213	408	235	332	234	204	258	230	102	180
213	237	250	541	119	326	235	107	360	109
215	145	205	259	115	117	212	532	474	323
121	219	150	210	210	323	966	0	594	1480
346	572	214	118	0	111	215	434	506	123
227	0	443	334	600	1127	405	480	0	117
0	501	114	106	212	187	438	662	102	1515
151	118	192	261	252	315	599	109	116	457
113	0	115	457	457	0	1663	685	372	573
142	360	116	740	213	323	210	296	796	585
297	105	202	227	216	455	139	325	248	0
0	374	356	354	236	236	302	101	0	738
231	1033	592	653	321	255	277	322	123	516
100	332	342	209	303	158	220	321	277	469
318	112	0	112	310	108	657	493	344	235
337	262	135	500	426	128	126	328	255	224
468	327	0	243	461	102	103	486	259	330
233	107	383	0	107	0	344	214	129	111
116	270	143	0	272	140	334	354	222	418
248	101	245	102	312	207	105	0	254	111
315	295	215	106	146	328	292	299	0	286
231	577	445	0	143	194	203	326	433	346
219	126	249	531	0	744	111	417	410	682
121	208	124	109	223	145	106	390	231	697
543	560	126	109	461	332	0	330	121	428
236	140	293	566	351	187	0	788	307	208
455	372	473	637	267	388	325	233	108	489
245	109	243	207	110	548	502	226	437	304
142	106	107	355	209	0	212	323	167	0
285	116	307	0	173	112	227	414	409	318
288	300	258	247	267	102	344	438	360	214
292	101	268	210	101	274	235	357	386	318
104	0	177	127	187	340	0	117	219	501
411	110	143	527	208	402	615	413	468	533
414	104	225	244	218	306	551	1052	465	665
117	220	102	381	160	233	550	141	102	0
0	111	170	252	211	113	443	543	113	423
127	182	427	128	346	488	113	211	473	327
242	138	0	456	465	560	446	283	484	241
114	265	323	395	754	235	644	446	234	922
262	105	127	104	509	408	106	362	106	307
117	167	105	204	200	248	342	656	273	371
217	266	227	251	128	501	217	330	300	480
223	335	314	102	544	395	354	681	347	265
284	101	122	368	539	617	436	0	269	385
0	0	477	507	104	119	224	243	745	224
0	480	321	802	602	145	179	109	346	355
104	126	0	186	210	323	0	381	608	365
116	233	111	102	406	349	398	240	102	357
0	349	219	504	129	312	589	374	104	586
316	229	208	109	119	221	318	561	587	873
126	109	489	518	101	206	629	102	519	423
199	372	371	104	486	248	334	324	100	308
126	400	261	109	146	136	137	676	326	222
104	122	328	212	231	102	647	229	185	423
221	249	350	104	0	473	377	745	102	330
0	394	392	210	248	1024	224	445	259	603
236	104	189	0	235	459	636	248	243	103
101	115	0	284	275	280	483	768	339	241
110	226	235	441	231	495	518	568	116	107
0	119	309	114	156	389	230	224	189	502
0	108	115	109	206	624	233	627	198	255
235	107	302	103	0	843	605	253	275	332
349	107	322	230	217	115	338	334	626	277
146	318	108	252	286	250	382	650	683	100
226	139	599	344	352	356	438	525	878	535
210	332	0	498	145	362	160	292	229	384
148	325	346	219	282	365	308	0	482	397
125	126	117	300	189	347	379	372	266	313
126	596	0	128	327	0	0	854	516	0
214	226	534	414	611	107	0	350	564	260
109	576	0	246	438	308	108	489	505	300
112	0	472	126	553	0	427	689	497	285
245	109	104	124	111	274	219	551	455	126
0	221	335	206	134	539	249	0	380	226
344	215	250	308	128	430	225	102	389	113
122	262	246	107	147	101	114	638	657	355
451	137	176	114	0	318	283	210	206	220
245	255	0	307	119	115	289	467	500	239
227	119	570	326	208	230	608	206	209	349
355	250	478	452	370	504	0	245	766	207
161	0	554	250	603	324	311	104	1110	760
168	247	0	646	299	337	230	106	350	564
201	454	590	342	274	243	206	251	110	0
0	235	324	566	416	101	0	134	507	113
319	107	243	102	179	223	401	681	148	111
234	109	116	379	404	613	131	810	232	287
126	112	114	209	816	284	110	107	235	116
268	332	172	104	259	342	245	349	104	109
110	207	116	350	358	209	491	533	103	318
108	223	0	231	103	969	461	363	216	970
0	104	636	0	170	0	346	460	646	467
247	124	284	432	337	685	333	815	638	232
529	0	274	131	716	740	373	742	510	432
491	101	0	0	599	326	362	110	541	301
111	550	146	111	364	344	323	969	426	465
111	272	209	101	392	233	546	339	208	229
110	713	400	189	311	268	788	327	365	387
106	232	398	232	291	100	312	109	123	335
215	626	122	433	0	0	116	242	126	535
429	266	235	630	101	185	109	207	130	405
109	104	306	109	131	109	310	460	319	345
123	153	212	216	404	626	404	210	291	332
130	230	0	132	273	104	430	444	745	372
111	215	236	219	256	766	312	116	189	224
308	259	364	236	239	138	0	323	236	229
0	125	0	189	373	381	106	232	107	220
139	105	102	207	227	220	845	411	0	235
112	267	536	277	435	227	445	357	287	232
101	237	612	127	230	520	934	110	386	459
127	273	207	469	109	221	267	573	126	219
254	136	302	218	222	448	114	560	557	103
0	262	115	232	0	114	330	487	470	116
298	160	108	211	515	361	0	626	1102	126
237	297	360	211	353	549	368	455	106	654
107	225	225	698	250	237	350	373	259	229
142	104	108	0	329	563	409	359	233	117
116	248	549	115	0	440	100	116	0	106
156	228	349	126	103	337	432	664	111	737
109	373	229	238	397	212	553	381	668	362
242	0	209	648	235	640	283	242	778	296
234	128	103	249	565	111	232	819	134	910
141	0	426	237	290	703	410	661	397	1095
318	109	117	204	322	372	101	418	222	355
106	350	720	471	445	325	361	261	238	509
245	115	855	236	239	351	316	464	241	104
300	413	121	461	212	278	530	346	211	701
284	391	187	114	113	278	136	126	544	406
113	209	531	222	377	527	324	224	767	451
0	223	231	308	420	320	430	109	212	632
111	310	330	342	104	107	126	323	226	416
187	110	231	118	641	356	506	345	448	1127
209	439	110	169	222	115	272	336	387	650
109	0	0	222	134	335	250	433	126	111
113	105	130	271	240	830	477	336	255	583
142	117	214	398	212	203	1106	121	107	671
380	0	332	105	109	558	273	739	332	0
115	366	432	126	190	498	230	109	523	231
318	268	485	340	133	676	105	213	664	499
482	213	337	108	314	404	454	347	482	513
295	115	280	410	485	117	330	320	337	592
163	142	314	283	335	352	229	177	111	376
207	637	136	189	0	392	701	392	0	1045
113	0	128	154	213	330	113	377	346	256
337	115	562	128	216	458	0	614	350	353
186	115	247	177	612	601	134	111	241	0
433	102	344	107	374	315	525	0	313	674
231	181	316	301	109	204	381	221	0	0
370	337	653	280	104	264	514	428	285	249
100	218	120	114	155	240	282	0	295	379
248	113	126	476	364	0	394	235	584	481
0	224	176	0	324	355	214	680	102	424
220	126	105	0	0	216	497	209	322	401
118	0	612	226	202	464	235	369	434	208
119	244	373	109	392	517	1034	128	444	225
207	179	291	303	147	136	795	0	314	580
111	368	428	528	409	296	515	231	587	336
502	307	209	438	460	780	101	177	455	707
0	356	140	0	187	216	548	690	208	306
114	111	101	199	222	108	233	232	0	660
122	227	323	105	102	445	811	405	101	630
0	160	209	847	328	155	741	104	471	232
106	228	260	646	728	518	196	127	430	233
0	0	0	396	107	247	108	102	572	461
238	309	104	211	532	231	248	229	582	476
347	252	261	247	525	212	206	115	231	125
135	0	128	334	336	256	225	546	697	589
101	0	146	118	111	491	811	210	586	481
114	130	0	307	113	103	586	471	307	341
0	106	101	404	230	635	108	831	250	330
536	291	126	773	235	788	222	502	126	320
214	229	222	110	367	263	141	225	227	548
121	359	432	379	442	121	115	374	327	105
245	322	258	781	240	443	201	634	126	233
128	211	418	904	451	667	316	481	440	583
446	0	0	345	126	0	162	432	115	314
0	126	542	0	653	443	552	367	947	300
104	332	111	103	107	412	1007	219	533	384
103	446	371	325	373	515	1110	357	428	263
110	115	316	226	550	282	100	114	527	584
519	229	110	187	111	392	362	699	266	309
115	428	0	237	437	309	662	107	382	237
132	539	271	328	253	220	0	286	104	198
144	446	208	912	264	991	103	410	429	1211
244	490	324	645	417	232	104	258	537	455
293	111	109	612	265	286	104	326	239	610
255	241	443	218	223	622	644	263	487	966
246	186	425	527	105	403	240	766	211	325
0	341	436	243	106	357	307	340	346	828
280	261	399	0	105	293	291	379	233	273
323	0	232	208	623	247	0	304	0	220
186	432	190	111	243	246	213	0	1290	384
105	111	479	102	299	630	196	381	834	346
452	111	130	371	106	101	331	438	388	231
301	331	285	342	233	369	622	0	380	336
111	115	310	0	107	234	106	222	207	412
155	223	107	261	520	0	622	224	235	213
0	230	106	531	180	218	323	104	361	0
110	113	106	517	373	721	294	216	318	440
0	126	245	412	414	250	264	550	328	319
101	355	309	108	197	342	307	474	1029	100
345	102	494	123	549	212	437	433	104	414
228	104	195	370	466	111	235	0	455	130
119	243	186	212	339	477	461	207	737	532
189	290	380	139	324	286	103	414	416	523
0	329	453	304	220	211	624	490	487	643
357	227	123	691	206	382	209	145	231	235
128	193	667	156	207	229	322	458	153	112
109	232	443	628	694	343	107	629	207	271
123	263	0	116	344	443	301	268	342	333
118	218	944	302	125	119	213	627	312	401
0	0	323	0	105	377	115	490	477	257
319	429	115	982	445	163	402	216	110	0
238	942	255	317	225	321	434	238	108	202
110	105	582	478	111	524	540	313	102	338
228	187	104	248	888	407	225	602	262	126
107	140	109	537	106	211	742	0	669	562
0	235	224	332	540	430	485	427	264	510
105	202	317	301	164	232	317	458	746	351
227	135	236	103	194	212	461	190	233	579
101	0	343	312	444	228	465	224	656	360
105	127	0	213	747	260	705	1454	535	196
221	148	407	102	223	493	746	116	195	509
0	107	601	614	308	423	242	113	117	130
539	137	218	451	233	0	353	463	332	109
102	193	129	117	677	163	503	116	212	316
220	103	374	342	431	323	352	248	456	509
112	123	100	0	388	326	311	359	784	229
240	407	241	207	124	108	454	198	701	436
464	504	0	321	232	220	305	206	431	1001
284	0	136	101	275	428	583	0	584	214
341	211	289	247	816	542	316	355	230	322
307	311	557	109	222	523	956	103	209	0
304	306	130	109	229	106	107	228	529	667
234	103	480	471	441	232	570	349	582	105
0	167	135	149	232	109	105	409	108	645
120	109	0	378	128	213	553	128	275	107
411	244	432	408	210	332	110	288	234	445
202	262	315	122	160	666	365	428	478	278
250	116	109	104	360	213	314	234	213	224
211	219	498	548	336	383	324	260	115	233
0	231	227	432	115	112	333	102	538	101
511	0	138	136	424	233	541	318	354	104
434	137	180	212	207	0	453	669	318	381
144	244	720	210	233	329	846	220	313	226
342	459	114	638	176	414	570	502	611	356
119	320	0	345	216	347	103	230	379	436
127	106	380	140	320	498	187	104	350	0
228	126	138	477	488	0	204	432	808	109
119	225	136	0	153	514	572	325	114	654
111	226	0	463	310	258	292	445	437	455
248	0	305	482	105	131	416	237	302	507
0	423	0	625	111	248	634	604	551	270
236	0	193	207	246	108	104	358	629	291
328	145	271	104	146	215	379	217	106	325
108	380	207	499	334	627	423	218	214	666
116	0	138	225	209	111	481	430	353	583
119	231	346	339	213	246	250	240	286	237
173	577	109	425	368	318	207	768	1226	102
218	233	195	128	115	926	101	114	283	180
288	110	0	302	139	357	471	801	243	472
134	105	332	366	217	386	614	328	840	426
217	103	116	0	253	549	294	340	413	926
0	450	301	0	218	308	148	544	486	122
251	113	214	324	109	230	581	276	311	215
180	215	105	464	0	590	568	492	246	971
150	215	109	235	273	104	213	245	1393	343
353	109	112	103	108	398	320	224	105	113
126	404	924	0	111	835	307	209	330	235
436	125	317	363	212	556	354	308	781	0
145	379	254	401	169	207	226	220	420	399
451	213	574	371	223	350	219	653	730	581
118	108	559	459	367	391	636	220	652	0
0	493	100	155	116	537	209	113	445	425
134	217	126	523	384	109	352	0	473	393
0	570	111	0	500	306	0	530	209	420
112	206	744	257	600	306	327	572	334	345
210	140	482	225	191	722	633	564	306	225
110	411	215	111	277	226	0	748	111	123
219	212	430	194	259	282	111	246	211	283
0	104	449	425	286	206	336	106	208	390
302	708	252	0	244	215	351	0	305	301
208	211	370	0	226	221	739	481	405	456
167	330	151	226	487	210	392	277	102	921
142	128	426	445	104	112	227	295	107	515
463	102	323	516	105	405	554	589	446	378
104	272	186	372	455	528	108	235	446	235
106	143	251	113	682	484	111	197	494	300
287	146	104	307	382	249	275	756	454	965
110	326	430	275	422	231	111	558	327	496
209	342	111	749	353	111	369	405	233	330
142	187	155	304	430	126	651	271	104	377
128	230	669	485	429	220	220	213	362	407
187	251	0	718	224	228	233	0	870	450
562	0	334	323	429	107	605	111	327	245
116	0	207	107	349	111	234	216	126	117
116	245	379	0	101	368	155	153	623	112
247	121	368	153	238	206	802	619	641	697
126	135	242	106	228	124	348	376	128	138
676	109	334	0	228	187	422	127	472	344
122	266	468	320	346	105	413	326	261	646
126	250	254	343	0	227	121	339	762	101
266	214	160	249	136	126	173	349	135	0
0	187	118	438	209	588	219	1094	314	586
0	221	479	356	0	109	218	375	241	549
100	584	103	118	350	101	635	211	211	106
108	416	0	282	102	391	277	111	526	0
0	111	499	165	335	316	372	327	282	520
128	206	333	126	349	284	332	328	683	445
0	0	113	457	109	359	179	262	540	556
251	104	136	221	342	111	133	414	272	473
255	570	0	358	238	210	233	327	116	298
187	332	600	231	0	0	797	230	321	597
