0.1 percent	0.2 percent	0.3 percent	0.4 percent	0.5 percent	0.6 percent	0.7 percent	0.8 percent	0.9 percent	1 percent
1631	2035	3440	6411	2997	6644	2314	4623	1510	9248
580	1713	1874	1902	1422	1890	5641	2201	7169	5880
247	1750	3857	1226	10605	2461	6035	7472	6198	2255
177	1485	1184	5305	5169	7832	4726	4907	2844	1347
5	2137	1426	2531	2749	2130	2080	4306	5379	1981
281	971	582	2620	596	2584	5261	7376	6355	5721
948	304	2806	12023	2701	1699	4258	4024	19650	5676
475	774	714	1570	2600	2356	3811	5554	3982	7205
1103	1281	5515	2479	3148	4146	7939	4913	6203	5962
372	2943	1238	4974	1101	4915	3121	8105	12165	25382
667	4406	903	6810	1393	3368	12464	3468	7476	7797
1575	2587	2485	1830	2726	5189	1769	3764	7175	1997
616	911	1655	710	2778	3507	5853	1651	2539	7470
9	176	1175	3270	4613	17365	8472	2035	8289	4623
1583	1933	1347	2752	2226	8463	6914	2855	5836	7644
79	5547	2261	614	3513	2209	4481	6676	3529	10005
86	1113	1602	2113	229	3315	6365	4301	4599	8417
1538	1254	3493	10509	4097	4576	2973	9083	4236	5277
228	854	0	1417	1835	2578	3344	4746	6626	7058
664	1826	1425	1694	3786	2400	3514	21014	10113	7366
1043	274	1276	8832	9138	3283	4338	5414	5003	5095
1319	791	1469	4323	1393	5533	5433	2503	3354	3424
2051	614	918	1489	4016	5338	3137	2774	4355	4184
563	618	965	165	4035	5595	4187	5374	6981	5468
684	1993	1427	2336	1697	3638	23871	5035	3164	10278
547	846	1299	4	1657	735	6865	11335	4749	7983
720	2477	1558	1492	4411	1927	1712	2753	4028	6275
655	1043	1531	2558	4297	2562	6512	3533	11699	5022
43	1343	2038	15401	1629	4155	4915	9474	5211	3256
848	295	3608	2236	1713	3112	5939	14677	7279	2516
594	1224	1870	3706	3067	1589	3350	5547	10939	6232
620	1641	2202	3324	781	2145	3454	8736	17169	6134
109	2595	319	3804	4101	8623	7327	3446	7538	6705
643	1696	528	2512	3509	2983	2569	5466	3998	3705
365	1163	882	2281	3065	7895	7524	5281	7999	4657
253	1369	776	4498	3729	3986	1957	1911	3337	11420
593	2228	2402	1940	4922	3143	6812	2262	10199	2961
449	921	965	2764	2127	3090	3251	3550	6580	3302
783	1069	1772	3698	1704	3897	8922	2497	1494	4218
238	205	2462	1603	2230	4600	4488	8077	3973	4076
1465	3953	1820	1428	13109	1474	6186	8951	8617	8326
966	884	1912	180	2796	2162	6391	6484	5207	5578
1098	224	1646	1593	719	1550	4783	5716	3467	1689
29	3461	1004	3120	3857	13353	5258	4426	3338	22467
514	1311	1208	2417	2375	4058	3740	6729	5163	7982
4	1740	978	3176	3013	4835	3293	3749	8555	1329
938	3027	1872	4600	7509	3302	5349	4520	4344	12643
2081	898	1380	1088	17822	2704	2679	1575	4151	6411
6	1878	2117	2815	3923	1246	8039	6238	4818	7496
518	268	2095	1317	438	3466	2660	6132	2939	2575
1426	2640	1275	898	3404	4489	5828	6109	6873	5902
334	787	3938	1886	5049	2926	2091	3954	4071	6352
276	1666	2168	8018	1819	2212	4314	5561	3773	11791
354	1137	1088	851	5472	5834	2747	6099	6717	16798
563	1282	1751	4392	3591	2694	3825	1525	6258	8962
304	1887	1235	3331	5015	2447	3126	1142	4840	7820
6	1959	371	3917	1749	4554	10202	4609	8654	8964
50	2510	1586	1883	3260	3228	12812	2484	5282	4800
6	720	2354	4869	22509	3389	6567	5102	5982	3635
227	774	4030	3856	4152	1695	2634	5386	6209	8935
354	455	3891	1238	2013	4817	4044	18584	3050	2681
94	1589	1370	2233	2484	4182	6351	4518	5150	6913
943	932	875	1636	2015	5775	3489	4218	3278	3406
110	1144	1947	471	3257	10762	5053	4301	4631	6178
3559	1113	2876	3708	3909	3639	5775	6665	6974	6964
18	184	3362	3452	2657	5613	2773	6573	7292	1607
669	1002	1793	1502	2389	1384	4150	4405	3117	5969
253	1931	1810	2530	3516	14331	4612	8797	9656	11149
51	1035	1316	13043	2016	8437	21877	4543	24	2204
262	1961	1364	2649	2267	1977	2527	5763	9509	3434
493	1004	3378	5080	4360	7196	7213	4461	3784	11782
361	243	765	4432	3854	3303	1470	7102	3117	2725
243	1699	2580	1286	4187	3087	2120	2698	9079	6982
1025	648	1537	2838	5540	3196	4813	4588	7327	2153
728	1009	973	1949	1898	3283	4063	6113	7299	5116
151	1293	1765	3580	1225	3517	3297	2154	14201	4450
769	1338	853	10	2914	737	3406	6535	1604	2099
505	673	2056	2455	3571	7739	1577	4801	2948	4285
8	1399	3204	1965	2274	2994	919	2152	3232	4128
121	862	654	2123	5231	18062	5063	2738	6021	3373
1286	2091	2424	896	1443	3415	6500	3493	7381	11547
745	472	338	2250	2894	7059	4705	7519	11434	6931
419	2190	3997	5499	420	4630	5366	5914	7737	5590
1285	984	3142	3586	3253	1253	4016	3836	2828	3384
174	561	2463	1619	4526	2204	8509	9281	4883	8531
1314	1566	1602	635	1204	1167	2621	3376	5138	18913
231	295	1425	3465	1672	4512	6487	6179	5113	8286
505	1350	1394	2741	3324	3878	3887	4096	3048	6326
18	589	2278	2687	3232	5900	3287	5953	3755	4566
1454	1891	1730	1775	1512	5731	6105	6092	21060	6511
3199	1563	2529	6027	3947	3466	4100	1501	6362	6974
393	949	3673	2195	2667	4679	7264	2678	20611	9389
1258	791	1793	17814	2974	6502	4671	3827	5716	8860
118	1611	477	3734	3321	5955	5366	1556	5183	12807
10	1927	1913	2721	1992	3258	5839	3659	3060	1635
729	40	1589	2897	3538	1254	4863	2487	9957	7117
22	672	1666	3500	2613	961	6242	4133	9493	4838
59	1783	2720	3793	3988	4276	3277	3801	8611	6019
445	1705	1282	4559	3480	3231	5001	5103	6203	2727
871	1268	3010	1678	2559	3294	3502	5306	6302	3797
1123	606	1090	3716	912	3235	24556	5104	7541	4511
501	2103	2584	3064	2005	4297	3717	3510	15187	6055
1219	811	1278	1588	12456	15	17535	6747	7396	3960
623	1889	1576	1171	2441	1509	3274	4562	7991	9707
870	1059	1000	187	5358	3466	4391	6725	2947	11640
1971	702	2263	2437	2955	3264	1970	3806	4474	6068
721	1868	1132	2179	5161	2249	11711	6809	5259	3286
354	702	3135	1613	1729	3664	1812	7191	4651	7927
1353	689	587	2113	5268	3333	1654	2486	5936	5547
689	1319	1548	1429	1763	3962	2573	4239	4124	5227
621	916	1184	2300	2886	2901	2929	4190	8362	7079
1080	1075	1567	2860	873	1938	12403	1641	8717	5945
621	1138	2377	943	2852	2030	5489	10214	7995	5599
2188	974	434	2	2132	972	3078	6712	3445	4285
124	11	785	40	2819	4873	2854	4484	5386	7769
346	1860	749	2723	3996	3410	4821	2662	2986	2792
5	1248	1759	2129	3627	2030	5234	4956	5632	9375
463	392	431	3163	1802	1812	5516	4865	4773	6964
803	1409	2617	2238	5172	5595	3873	3758	2862	8199
1322	1053	2829	3466	1199	2074	6122	4645	4265	5735
1545	876	1389	5083	3337	2129	5304	6249	5609	6200
452	1200	1106	2231	4123	14774	5076	4910	3759	2176
427	584	1119	1524	2675	2317	4627	3954	3927	3248
360	161	2260	1276	3231	804	4012	13290	2444	4633
274	863	3554	5597	4002	7314	2517	4443	4504	7506
102	390	2344	2149	4855	5276	5184	7242	6083	9429
1627	3617	2240	2272	4025	3735	1493	1433	1257	5031
734	678	1604	2250	4037	4319	1308	3967	9998	6706
10	1023	3109	7172	1527	4373	3266	2431	2094	3591
101	1118	2898	3966	2753	2128	4969	4159	7456	12302
575	167	1323	3716	1693	3490	3799	4257	5728	10511
557	3076	3558	1809	1647	6364	5382	0	7104	5702
180	1001	907	2666	3212	4216	1296	7324	6456	6554
1128	1316	3224	12497	1553	6634	3981	6475	7733	4639
349	2779	540	3524	4574	984	5170	2749	5475	8293
724	576	2465	3162	1098	1662	3902	5956	5240	2760
193	829	781	1181	2333	2733	7337	6475	4121	8679
1348	817	2567	5590	2760	6027	2908	2597	4505	7386
1044	14	3063	949	2742	1504	973	7981	6241	5965
217	1330	2526	6968	2643	4391	28502	2859	8642	6152
653	503	2320	1655	1630	2461	4494	6313	7453	4300
1800	503	3726	1143	3008	3223	5944	5167	23452	7881
1872	858	1218	2373	2845	4165	4166	5851	3998	4987
129	12	3129	3327	521	2815	1462	4744	4124	7900
472	2495	2963	1851	3679	4319	4697	1194	5534	5332
236	1125	2031	6398	1372	2056	9532	2332	3510	5995
206	1679	2767	3811	2265	5316	2940	11272	4072	6108
1612	1395	914	4373	1302	1928	3757	3585	3036	8403
693	1740	1836	4356	3566	4491	4844	4508	3754	9099
271	2441	2239	1413	2204	5411	4002	2587	7825	5620
82	1928	2196	2045	4994	4191	6380	7175	3350	4948
907	3338	2613	2831	3948	2950	5666	6654	3745	5658
785	2189	1323	2414	4950	4739	3903	2392	2626	2092
491	1640	2310	3523	1435	2576	2135	6405	3197	5182
1295	0	3230	3306	2181	4187	2807	2802	4592	5296
590	604	2017	1748	2417	3061	4136	5698	5302	5657
686	2634	2436	3624	3724	6031	2761	7030	4200	3889
370	1339	1026	13576	2509	72	4699	2339	2273	7666
937	810	2614	3438	3343	6482	5562	10548	4539	19330
584	1600	2717	32	1557	2663	2567	7535	8719	12749
465	705	832	1673	5139	5008	18990	6017	2883	8153
1424	379	2774	1778	2462	6723	4317	1463	1669	34801
1113	1020	2951	981	3827	2946	2689	10368	4824	5964
73	1485	235	2933	2909	4263	4824	7206	6990	8976
632	1276	2034	1088	2692	2168	3966	3368	4400	3125
588	739	3117	269	2632	1574	3240	6755	5361	5419
642	639	1845	2481	3521	4638	5762	4182	8875	6037
294	1543	1566	3798	2973	3457	4045	3302	4193	3863
860	281	1227	664	5916	1708	5383	5961	4524	13698
503	3380	2396	5456	773	5398	4885	2929	4549	4912
217	1610	2175	4000	3834	7173	4305	7133	4321	8331
15	1120	927	1989	4289	1095	18485	5950	5516	7708
618	627	2230	1660	240	3871	2493	1737	7383	4480
71	1022	1030	3126	1651	3150	7420	5404	8979	12162
229	1696	3497	4331	2400	4625	3316	3620	5789	3765
431	425	2127	2777	1128	3363	5873	4254	4102	6266
320	1708	1636	1739	3352	1149	4403	5743	12045	4672
89	1072	2560	1619	4701	2246	5175	3056	5741	5057
535	2975	1544	2933	4222	4969	6175	3864	4589	6339
256	699	3795	2420	3778	1152	6259	2534	8003	9450
753	252	756	2396	2751	3830	3532	6717	8821	4581
0	1585	1104	1153	4919	3878	3467	1414	6848	8239
108	1007	2132	3908	2395	5480	5712	5627	5022	19152
360	2777	1879	2127	2087	2183	3624	5694	7061	13921
244	4308	2592	1548	2574	3863	2672	6542	6416	14460
335	797	1840	3807	3884	4792	4019	7692	4274	10901
293	2147	1073	2284	629	5407	3479	4607	4625	6028
667	524	5267	1073	3307	4280	5712	4118	5942	3628
493	2208	4304	364	4523	3300	2655	10816	3166	4256
584	1090	2809	2364	3743	3036	5217	1827	9343	4133
895	1836	1432	1755	37	1400	5772	14753	6670	5405
39	1509	2047	2901	776	5534	4565	5227	7708	6365
686	440	1280	3643	985	4938	4768	6650	8022	5253
135	12	23	3921	1906	16103	4917	4747	3852	3179
351	2698	2331	2034	7977	6063	3766	6882	5463	4802
589	615	2841	912	3707	1303	4206	5949	3022	6184
560	1179	935	2413	3500	6146	1757	3242	2513	3122
167	2778	2000	2543	1354	5166	3563	3717	4168	6398
310	377	3463	719	2763	6169	3723	2106	3399	7052
135	12	2115	2307	5556	719	6468	3968	6678	5104
6	1339	1037	2107	1599	4767	687	1705	1731	12137
451	2587	8360	2157	4921	3950	7014	3944	1586	8102
10	1418	406	26	2634	3901	8159	3536	5105	7167
770	3018	712	12358	2470	4881	6431	3253	2304	4603
597	170	1959	2823	3620	3268	5311	6531	6596	2681
575	2191	2456	2265	819	2319	4244	20426	4729	6540
784	1835	1428	1158	2296	1750	5383	6841	5706	5166
619	102	1314	432	5021	3313	4572	6151	2561	7748
263	9	1417	1453	2645	7622	3900	5503	2147	7430
254	897	742	692	13375	3936	3052	4299	3970	9413
1666	980	3412	1676	3367	13616	3571	9756	20955	10788
744	1479	2466	4707	2489	1306	5445	2106	3405	4675
1083	885	72	638	2171	1086	2200	4293	2818	3673
675	583	1056	5940	3736	2219	5644	4614	6147	8885
365	1196	2970	1589	5342	4026	3073	4112	4615	14294
334	879	350	2017	3801	3012	21787	11927	4689	4125
563	1074	7241	1472	2734	2339	2970	4460	4659	1811
5	2374	1471	1430	2631	2118	1892	4198	7125	3613
781	1582	1714	2191	2948	4370	4189	8006	5138	9490
217	1684	3503	2190	3655	11468	4486	6735	4267	5520
19	2117	1503	2882	2664	2612	2390	4909	11275	8652
1727	3180	1001	3796	1224	2852	2237	4580	4149	9817
4	456	3510	1917	2678	7092	4394	1840	4642	4363
1596	1971	3079	1110	6030	4834	5224	1778	4138	1542
801	1484	2115	2325	795	3128	4419	6188	7029	2702
196	1782	1932	2361	1000	3606	1718	3139	15040	2512
372	3857	2353	3366	1909	3014	3474	4137	2635	7800
1082	2756	1919	2178	1746	2547	6220	6804	12385	7854
1908	508	1543	1370	2806	2167	4358	2993	3198	9822
8	1489	2596	2026	2887	1654	2067	9548	4415	9250
1034	12	1649	1608	4424	4006	3263	3767	1681	11746
5	2529	714	2162	1775	5877	2192	4946	3545	3113
15	1460	4370	2924	3000	3140	6019	2832	7097	7915
10	2019	2143	3662	3237	9136	3226	4047	3651	3098
50	286	1595	1620	2867	5000	5323	2723	5825	11064
1360	1359	2016	2171	4215	4307	3912	2167	7425	7430
504	2503	1420	5210	2334	2982	3425	5561	2493	4989
1560	996	3380	2348	1600	4230	2735	5326	4785	5738
871	483	3159	1941	12	3599	4316	1961	21687	9366
586	2539	849	4870	4032	2046	4037	3757	6688	11000
282	409	2284	2214	2305	1630	9374	10292	7336	5198
521	1539	452	1850	3148	3770	2123	4112	2477	7568
1011	583	571	3074	1875	2429	7996	3119	2050	9235
6	3108	1476	1889	5298	4584	3230	2724	6703	9912
3734	78	1136	3026	5576	3888	2674	1227	7460	6047
680	768	662	8262	5035	3275	770	4855	8560	5236
348	991	9961	2012	4873	8745	6150	1436	6473	1633
449	38	1237	1147	1769	3058	984	4147	3959	16145
92	1466	2314	3579	3414	3762	4447	2114	7358	10183
106	1804	3455	1137	1932	5472	3511	7537	2599	3398
367	1140	1380	3321	8309	10997	3573	6571	5600	2108
74	129	132	3721	4353	5681	6140	3989	4080	3279
2564	1842	13819	2341	3744	2389	4006	5290	5937	7064
1427	2537	970	3592	41	3394	4030	4197	7597	4772
140	145	882	483	1427	4436	3706	5659	4596	10071
1321	1291	8608	1975	5873	3009	1813	9470	4061	6010
256	390	1802	885	10007	4000	1739	7011	5123	3211
518	14	731	2772	1756	1070	7958	6771	7633	7689
709	539	2835	1853	291	3660	2612	5359	4002	9209
910	969	1828	3486	4798	4449	6661	5152	2385	2412
2204	38	1572	2208	2552	1910	2454	3456	5735	10304
1153	4456	1358	1857	1938	5577	3928	10825	4217	8219
678	910	450	2755	863	8159	8897	4319	8322	15582
768	1694	830	2518	2909	3050	6303	5087	1659	6069
655	3098	2321	1832	1604	3804	4535	4230	7406	3140
126	1288	1532	2423	2297	14624	4061	2220	4585	4346
1293	211	775	2425	3165	2250	3360	2800	3062	4713
688	595	1071	955	3165	2972	2384	4836	3742	3720
339	530	776	1736	10129	3017	2982	3430	4056	8539
577	810	3513	408	1635	2452	3836	3766	5775	4806
739	2346	2090	3229	4780	3108	3993	3595	2285	7177
542	391	3471	1865	1229	2372	5097	1938	4971	5768
1699	2086	1767	2185	1247	3911	1353	10014	3284	16714
66	1734	2696	5159	2556	1319	10793	2308	2751	3376
60	233	1436	2459	3274	2715	6501	15522	2307	10122
441	458	2428	867	2458	1422	6251	6475	3116	4413
1154	1565	2432	5646	2798	3779	3360	6270	7237	6723
358	27	2032	3418	1649	3861	3290	6781	2941	3943
749	311	2377	1374	3950	2347	6476	5781	7142	5625
704	3019	1937	4697	4567	4597	5679	3505	15475	8172
0	723	787	1150	3236	4796	1744	4916	5381	6915
71	1740	3478	2250	3089	3617	3777	5052	19373	4670
1114	1414	4154	3594	1243	2111	3689	1364	3672	5311
1627	671	1884	2127	6722	1811	9442	5472	4124	8252
28	408	4044	1355	1910	6093	2542	2516	4393	2796
2029	1024	1896	4170	4572	3665	3482	2834	5896	6369
486	1844	657	2292	2409	6547	6503	837	2395	1968
333	741	5728	1401	934	1309	6931	2712	7437	4536
610	1271	1383	2667	3974	2521	5439	3937	2956	8200
1281	3639	1552	3476	2334	3901	1701	5286	3523	6320
91	732	2160	1712	8309	2827	4094	2292	3584	3534
283	1787	1445	3826	4271	6189	3401	1882	8650	22255
12	1448	1463	908	2686	906	2968	2445	7741	9492
762	6	2533	2056	1285	2042	8503	2013	8107	4764
778	1303	9661	1089	2745	5089	831	4100	4250	6638
744	2848	432	2196	2898	7355	4629	6055	4436	9900
825	4403	2343	3527	1335	6289	3731	4152	7423	3606
159	247	1858	3473	3438	13402	983	3832	4953	5360
897	1625	870	2351	2504	2023	3978	6568	6065	5127
867	1202	3238	4347	2879	1778	4012	2483	7442	7188
498	1434	3103	3595	2173	3420	4245	2748	4281	6687
214	665	2066	1846	5680	5147	2198	12481	5598	5318
53	233	1333	2625	3011	9732	5217	4802	5820	6740
499	1611	2721	1203	5992	2589	1429	13383	3042	13581
9	3955	3273	3190	3333	2567	5685	6800	2814	1730
162	2073	6251	2528	1562	4595	2291	2688	8736	8547
743	1286	2702	1619	1692	4267	5576	10135	8723	10041
1519	4980	5294	1510	5206	3951	9455	6697	2813	7193
204	547	1922	3483	3786	6157	3551	3700	5096	6157
2060	5563	1777	3019	803	2456	656	3382	4900	5531
70	12	2173	3827	3335	2401	3744	5156	13897	5018
1967	1781	2548	1637	3866	3617	2548	2789	4288	1517
392	590	861	1506	2125	8255	7094	5046	7378	5502
618	662	3980	1692	3409	3777	4933	2417	4374	3482
1095	886	1414	6733	989	3208	7992	6702	4154	10667
14	411	1250	2262	5644	5326	6902	4645	11069	6041
406	212	3213	3793	5058	4418	3574	3985	2097	7370
2806	537	2620	2208	3366	6645	4652	6813	4664	3394
9	1678	4161	4352	1362	2030	3815	9395	3148	6802
10	1409	1840	2435	2760	4646	2485	3538	25047	8381
833	2743	1256	2340	2692	27	6120	5065	5846	3087
570	734	887	418	2302	5491	3754	2533	3159	5051
1994	1447	1983	8009	2032	1989	3065	12408	6575	5320
387	2239	1766	2818	3038	784	3278	2525	4930	6494
81	535	1996	833	2822	3213	2724	5596	5450	4307
381	948	2576	4482	2070	3685	2814	2422	10093	3195
286	5784	970	4304	3271	1667	2482	4319	3223	8195
451	1753	3300	1366	3046	5476	1785	9371	5960	10121
2	1177	1138	403	3061	3080	3435	4899	8351	5497
1419	1733	4190	1464	1406	4640	2012	8204	3499	8815
177	613	5753	1147	2053	8421	2086	5195	4097	2362
1040	1357	528	1009	5074	4367	32	3210	3705	1599
9	2414	3374	1124	2172	5062	7448	2223	2831	4906
896	628	1362	1202	4279	3233	4592	7889	3054	5476
535	1859	879	3666	2354	3570	9131	2192	1561	8860
622	136	96	2506	3045	1982	8523	5979	9293	3976
3043	1676	634	2852	4661	3207	3581	2678	10894	6290
837	6	2059	3404	2455	18969	8720	1455	11421	2482
627	2104	5308	686	5170	1606	4176	5916	8627	3996
567	1406	1072	3578	6331	2475	3823	3224	4227	4642
33	1370	2600	909	4537	3081	2751	4563	4526	3339
208	377	683	2971	14734	2684	3483	4345	1105	6252
1630	0	1459	1057	1556	493	3686	1964	5233	4304
1441	2407	3347	4835	2767	4595	8624	7862	3601	3472
390	2743	461	2962	2949	3961	5189	8526	10484	6560
404	715	2764	2742	4224	3374	4517	6536	3380	3690
1	1085	1976	2168	1697	3690	757	7028	12471	5628
1943	770	2567	1278	3796	9367	6110	11614	10287	7678
574	1261	1195	4645	4554	800	6385	2408	5939	11375
1344	948	200	1676	3803	2224	2771	2282	5554	4219
6	1532	4884	3302	1457	2868	17618	3312	3862	6812
7	903	10041	1167	6263	1936	4544	1864	7633	9905
1077	369	4108	2248	1852	4872	1812	3988	11360	4213
144	538	1328	3717	1044	6942	2317	7126	6878	3176
507	701	2183	3157	2376	2687	3302	2120	8036	7512
659	551	913	542	1608	1975	3479	1959	3513	10027
1163	4157	4571	1290	4136	2879	2498	3848	8248	5980
23	11	3215	2056	2849	7899	3048	3683	2681	4981
886	1249	1440	1680	1535	794	4493	6743	6933	4691
464	2777	1356	3222	9169	4932	16317	5245	7333	6064
0	1899	1566	933	6560	2290	3623	9896	6878	7818
230	2065	1195	1357	2207	1231	4090	3127	4644	4164
900	394	3	1987	3699	200	2118	4193	3176	5312
1812	971	8130	3020	3346	492	6914	5353	6319	6413
666	567	3669	2095	3508	4443	2380	5528	1868	2932
857	967	2601	4766	2646	2120	3923	3665	15007	5018
309	601	1612	863	3476	4518	5475	12256	7579	7185
551	1074	2442	3599	1897	3974	3039	4371	7194	6760
878	1758	1355	5593	3350	5243	4133	14835	5250	11463
496	2305	998	2526	3846	4825	2471	5677	6294	6381
613	1020	1190	2043	3806	2546	3212	4225	4074	5114
293	212	1534	4877	4239	2816	2672	5112	6779	10179
613	3244	6698	1953	2599	2822	4180	2026	3239	6010
269	1037	1900	1568	1974	2313	4527	3328	3591	6617
223	1117	460	1679	2881	2618	5663	3719	15430	5058
1387	9	3719	1904	872	1155	3357	6127	3202	10164
617	226	1913	4488	1304	4461	1525	4210	3590	4232
994	318	4136	1627	1026	2822	3517	10805	7861	3356
6	1595	1532	1532	5108	4060	1338	4111	10487	10397
1065	1287	2178	9136	2027	10164	1556	11161	5050	8340
193	1347	1884	1724	106	2105	3640	8486	7318	3462
2062	22	2958	2260	1626	5831	5531	4817	3283	10163
8	552	1183	1529	4159	3216	3764	12931	7458	8235
623	955	3492	1042	1503	3979	4368	4209	17681	5780
385	2263	4318	11179	2308	2136	3906	4111	5062	5709
37	1002	2131	1086	3536	5247	5043	3715	3996	6772
3272	1031	1274	1286	4981	4195	8751	1878	7743	6267
298	1703	1847	10280	2944	1383	4235	4074	6175	2371
403	2795	4777	3438	2574	1574	5113	4023	7228	7511
275	435	323	3028	5257	3915	1426	7330	6105	4104
1035	891	3476	1715	3982	5631	5503	3301	5712	4583
595	141	2353	2493	4351	2755	1517	23104	5632	2466
522	292	2350	1166	4453	1932	8636	5117	7187	4523
857	1932	889	10622	637	3992	3943	16785	8338	10339
745	794	685	1083	6165	3926	4103	12119	9727	12513
771	13	2722	2232	2551	4083	2680	4841	10168	2340
458	576	481	1784	3365	3579	2552	6949	4922	8818
1519	1289	2870	1598	866	2160	7023	6810	1189	6012
3	1230	374	1924	2210	4898	5667	9673	3820	8165
503	4005	1174	2096	4770	3245	2366	17319	6936	3516
376	912	3377	2882	1555	1269	4893	3625	8510	5315
411	302	1984	2054	449	2968	8182	11024	5068	7163
164	7774	821	2423	6614	4208	2695	3453	4553	3808
1359	415	2279	2689	4854	3488	1642	2057	2124	6744
521	216	2873	2984	4458	3858	4113	5001	5723	4510
684	432	158	1130	1996	5607	6170	3770	1779	6719
3379	3630	2663	1703	2776	2492	2064	6327	3237	9827
1030	564	1211	3862	1819	6618	3794	8477	10817	4713
219	926	1338	3385	3145	2594	3135	1741	1921	4055
623	2526	1023	1883	4255	4795	5433	14593	5269	6834
315	1299	1084	2396	3571	5312	5667	7303	7634	5173
1272	418	2412	2596	4991	4159	14767	4470	7406	3032
632	793	4841	2987	7253	6648	3833	7363	3467	4624
678	1947	1771	1216	2875	2669	2282	5771	6425	5254
710	3972	1360	1754	1717	5506	2590	3700	5871	10197
852	1058	2781	2580	2366	6616	4074	4725	6582	7196
342	129	1123	4766	7492	2705	2559	2105	6752	8371
705	879	1049	3050	2486	3145	3978	3743	10674	10301
733	633	3179	4575	2231	5059	2854	5810	4427	5176
555	13	2319	3613	4303	2862	6147	3982	3276	5244
734	1347	970	2322	2967	7934	8907	10571	12693	3339
776	2542	1237	3730	4207	9659	4948	6410	9162	4553
1310	1910	5601	3576	2745	2748	4143	4237	5693	5401
1624	1346	1344	2683	2758	3075	2258	5533	4650	6513
853	1174	3535	4722	1653	1604	2239	4597	5532	9857
820	1575	14161	2965	2505	5102	4060	4547	10624	10585
30	1069	2887	4312	5487	7186	2330	2600	10641	2798
920	1638	2525	1096	3970	2349	12606	3146	11051	3265
565	1373	1281	3210	2899	1190	15645	3098	4582	6923
274	1594	1283	3742	4413	4520	2634	2771	3498	1836
1917	2182	773	736	1916	4365	3969	6642	7004	4821
440	1940	2316	2687	3610	6358	6353	5679	2207	10804
3034	2345	4648	2630	3940	6374	4405	2053	6642	7768
751	261	3407	11276	4602	7348	6338	5104	6764	2740
1969	1340	4158	1340	13339	2820	2237	4206	7497	8229
657	12	207	1035	4337	1980	3785	2692	4387	5304
34	1396	1971	5054	2284	1672	1570	2607	6656	6543
569	1449	275	6913	4192	1855	3530	3259	5863	7703
1316	1206	784	1621	1885	3978	1811	6693	7896	2565
430	326	3572	2546	2312	6373	3893	7680	12912	3532
2	6844	3845	3572	2800	801	6639	12584	5748	4264
233	1515	1971	1993	4232	11891	2848	3167	5460	2972
845	961	1375	1613	2940	5492	11385	11973	6529	6144
78	2266	4790	3008	1215	9388	24447	5389	4896	6404
615	11	2117	1281	940	9104	4879	12507	5838	3658
506	877	1550	2667	2149	1198	3164	6797	5230	3222
2384	323	1966	1742	1302	2398	3018	5922	4622	3190
5	1542	3448	2395	3569	280	1731	6368	5640	3475
564	2670	3020	1509	1847	5518	4285	2718	9658	10321
109	1663	117	2041	13676	4431	4377	2577	4248	5200
1003	836	2222	3044	2464	2468	6261	4192	6170	6000
612	939	948	1252	3697	10760	9290	2460	9129	9002
499	1089	2223	4355	1460	3763	9678	5836	4698	5059
1011	1475	2304	654	2011	3054	6916	1180	6468	5800
60	851	2017	631	2227	4389	3674	6749	2603	10338
264	834	1259	2374	4915	2963	7963	3389	3498	6162
1085	2214	3058	1153	1586	1271	7768	2094	4816	3128
1537	2039	1373	3659	3837	2431	6965	3491	2044	10238
1455	2006	966	3027	3997	1568	5211	7230	5320	1965
5	1827	3296	6155	5621	1670	2581	3037	7571	7484
119	171	1263	8116	1980	4921	3929	5119	18292	7305
85	94	1358	2068	1542	5680	4030	7098	5589	6043
136	965	1150	3510	10552	3264	6665	8813	19255	12562
303	3058	1827	1612	4324	7046	2361	8220	8136	7484
661	1068	2115	4157	1537	7512	6373	6184	4429	6393
621	972	1098	2941	5735	4078	5125	9812	9366	6024
551	492	4137	5961	2446	5680	7325	6190	6976	3467
463	485	1604	4145	2761	1764	3788	5560	1940	10529
33	1370	516	2567	3605	3416	2294	4386	5032	7453
5	2083	3201	2013	4679	1789	2182	9800	4549	4392
1506	2662	2111	1239	3351	5485	4254	3565	11954	5892
204	2507	916	3025	2930	3724	6297	2831	4249	2011
330	716	2030	4395	985	5101	3662	4484	2475	2067
28	1229	1169	3926	4801	2921	1746	5572	10795	5008
8	346	5171	565	2002	3696	11539	6518	3931	5351
288	1334	23	2525	2485	1798	6020	3538	7038	9919
935	528	1802	757	1806	4298	7637	4137	2498	7160
687	546	414	1829	3480	3572	5863	2724	5875	8662
401	1246	1695	645	4781	6055	4355	4856	4168	4172
633	570	1282	3618	3944	4235	1245	3633	4126	14040
694	2780	2173	2054	8218	6921	5824	2290	2928	9261
253	428	2467	5482	1917	1768	1333	4548	5726	4689
1040	1591	1830	6640	1224	2231	9373	5339	6267	4551
2195	1180	964	3396	3695	3107	4557	2060	7990	7980
267	1948	2831	5105	3051	4232	1907	6527	4301	8890
1629	1176	3346	1907	2402	5801	6779	6894	4500	6717
124	3630	1321	2488	6559	2476	1458	2300	2979	3770
1638	848	1124	2482	3817	3099	6610	5386	6800	3340
970	1060	985	17618	5179	3817	2086	1695	11638	5890
14	1051	1643	583	5318	3640	5751	3182	2449	5271
11	1553	285	3128	2402	3142	6107	4772	18272	4241
11	1257	2697	3025	4014	4776	1488	4070	11021	7769
69	913	1806	2684	2690	9102	2139	4399	5097	3374
1462	1921	1183	4083	4223	1313	4355	5620	10045	4188
86	790	1476	1521	4325	1572	6910	12553	6748	3128
478	1406	1910	1234	2176	2678	2255	5831	17772	9677
350	736	2238	3137	4684	1431	4806	1275	2658	5712
604	373	3359	1442	6549	1941	11575	5580	5847	1608
418	1212	1508	1079	6345	3043	3275	9223	7669	4399
6	3493	805	4342	775	3626	1508	2665	1392	8251
