0.01 percent	0.02 percent	0.03 percent	0.04 percent	0.05 percent	0.06 percent	0.07 percent	0.08 percent	0.09 percent	0.1 percent
232	0	0	2	359	347	991	7	264	2013
0	0	179	94	168	25	413	616	1440	49
0	1	816	556	445	15	262	718	146	751
142	6	28	285	51	1424	318	132	826	396
5	454	412	155	698	396	3	482	7	1382
0	116	145	269	430	170	741	327	773	1256
66	35	6	0	355	410	9	622	249	901
1	1	809	470	601	20	23	15	1246	416
0	224	0	254	269	266	1025	243	238	85
163	238	28	225	198	1694	3	26	166	790
0	164	125	1644	401	4	190	412	671	440
0	3	284	354	256	953	906	9	477	1037
1	0	167	106	296	173	845	10	1667	684
116	468	1	589	66	229	4	785	101	436
174	19	65	3	211	622	508	28	866	269
2	94	253	151	150	55	291	425	936	83
228	276	541	473	101	549	102	778	123	482
201	219	16	376	745	1203	482	835	80	242
0	7	569	171	6	549	335	657	911	13
3	10	2	3	70	20	979	503	1248	8
82	178	310	2	195	192	17	256	994	2526
0	17	296	584	4	4	247	611	457	989
223	18	753	172	691	1920	164	825	779	97
37	96	12	387	670	1111	262	737	15	1478
7	25	19	284	1119	306	1935	1188	280	579
1	544	6	284	291	1067	85	716	707	787
1	300	9	168	811	748	664	430	149	630
60	4	173	3	304	298	5	96	1326	1132
6	1	176	139	732	811	478	554	229	244
3	649	12	1050	585	444	477	647	539	1615
10	254	1	221	75	81	445	4	9	249
1	1	28	33	610	819	9	328	1290	1004
3	7	21	193	31	518	523	971	430	1470
138	14	170	163	501	164	259	81	877	361
6	129	356	29	452	403	604	79	345	375
134	488	48	463	86	1080	797	524	314	297
0	7	302	1425	239	18	12	1022	1045	668
0	0	62	192	20	450	781	274	465	322
181	265	145	2	44	545	521	744	360	250
22	12	1	1	17	1322	2588	276	349	5
1	1032	308	451	324	706	298	367	1134	1539
14	154	256	617	455	1047	1262	10	1398	1996
0	18	1276	362	409	769	54	308	407	895
103	12	606	680	315	5	1567	418	382	847
269	235	49	17	3	1023	946	634	777	137
18	201	308	3	45	254	497	447	88	898
0	14	77	12	346	305	153	30	352	898
9	392	223	78	220	49	615	257	1542	4
174	348	12	439	64	548	608	827	634	168
159	25	364	325	87	538	332	3	681	675
1	11	293	20	796	831	903	30	100	352
298	15	54	41	75	571	926	570	1274	1365
3	157	1	481	562	181	368	22	1412	426
213	196	33	319	322	3	32	2254	0	1744
1	62	28	403	7	7	1433	1053	36	444
1	45	158	6	356	20	53	15	27	329
36	4	1	571	4	7	3	2021	292	1038
242	958	137	233	0	419	57	13	786	36
98	1	715	3	720	14	4	862	347	17
161	299	166	0	1758	727	586	10	314	949
2	210	146	10	734	705	1072	320	358	1222
22	1	1	4	217	25	576	49	171	1658
13	16	195	551	1415	537	361	5	295	1187
0	97	189	823	36	50	107	5	547	359
0	2	2	185	398	2406	20	7	445	146
44	42	242	554	1309	641	686	265	1397	1110
36	3	4	20	152	346	21	20	773	939
1	7	15	4	1	797	1	647	2085	289
0	9	379	747	683	2	57	641	828	435
13	168	101	140	263	186	131	2880	793	5
260	9	1	346	22	194	226	513	731	1046
5	550	58	88	786	387	931	7	1554	5
353	285	6	236	725	205	370	118	38	828
9	6	250	8	28	441	5	404	476	441
4	676	8	486	974	293	1723	79	161	1116
3	16	746	255	519	211	468	501	397	411
47	403	62	529	39	316	314	394	815	539
151	225	41	260	354	1391	97	981	1067	306
21	353	5	412	166	298	331	311	275	214
14	1	0	170	246	418	526	0	821	720
0	5	74	75	245	5	975	531	22	15
0	1042	3	478	107	10	1519	137	628	457
4	134	1268	326	229	591	1124	391	292	1093
1	97	212	463	119	301	612	849	10	0
151	19	30	5	303	16	5	310	18	1242
50	97	137	28	282	402	12	1056	42	8
119	84	7	103	78	798	1510	802	306	750
347	183	119	90	1	1219	1027	90	1019	8
192	45	474	460	27	946	450	677	4482	514
104	432	255	223	193	399	672	24	134	726
8	298	15	686	1	345	118	276	937	674
118	390	14	384	129	11	32	8	600	69
6	328	253	149	510	377	6	607	623	94
72	369	85	22	165	752	726	63	1091	70
432	6	18	333	2460	1043	882	862	837	247
258	2	670	427	512	732	784	1230	400	827
7	0	23	545	359	29	671	3	641	986
1	18	669	3	295	8	428	5	600	1149
9	186	247	190	81	164	561	175	255	423
50	0	294	2	601	27	2966	4	394	7
169	13	784	13	702	580	691	356	490	94
9	20	129	108	479	100	816	686	359	369
147	20	282	272	402	117	372	21	1871	837
201	22	240	294	5	311	437	443	2754	388
2	202	296	234	627	329	2	655	311	2838
90	55	464	12	126	194	631	304	0	479
46	29	190	216	547	419	1	73	861	56
52	140	0	317	2	38	536	731	81	118
696	648	153	2	830	472	2	583	1185	1494
14	33	49	45	159	711	17	1280	731	225
0	255	4	66	272	342	5	307	571	530
4	0	2	268	423	776	440	1143	820	44
0	57	250	520	641	492	643	383	18	6
3	0	358	433	277	671	881	1371	612	31
2	1	230	137	116	10	443	529	299	1084
3	183	546	321	50	62	492	1073	316	962
7	306	86	501	662	408	328	34	3896	325
220	103	177	184	423	713	558	1164	580	819
0	8	438	657	8	169	1077	252	627	395
205	5	3	37	899	205	5	7	802	682
0	423	14	4	80	7	595	1271	1151	1299
126	36	34	100	179	556	12	1288	1433	214
303	6	733	300	900	959	166	44	400	740
10	2	0	64	333	3	265	1626	1712	1611
5	16	186	15	15	1407	559	10	584	514
129	10	12	40	1827	2932	49	89	543	453
4	7	122	114	26	877	210	1614	810	450
0	39	28	559	611	38	239	319	493	33
11	58	790	25	150	30	266	838	654	368
1	280	379	0	22	568	595	37	337	285
221	284	237	368	1	1042	68	22	1399	586
1	122	25	129	5	201	199	738	1534	126
4	0	9	334	96	422	703	638	304	436
1	297	10	188	246	1165	506	214	704	536
2	0	154	407	615	34	804	6	253	908
35	825	782	248	6	227	101	307	357	1364
1	255	215	371	21	690	259	3	45	888
2	1	1072	613	302	8	223	454	56	723
2	0	120	448	0	908	655	177	497	596
274	443	48	3	11	732	343	56	64	1354
0	2	3	15	250	542	526	443	886	958
70	13	110	549	215	874	620	60	1213	50
0	11	15	89	1057	108	697	399	143	1318
1	9	122	13	1	796	12	528	692	937
7	69	18	419	530	1000	64	131	736	30
108	307	4	19	311	327	852	536	460	484
137	2	357	167	718	308	383	780	512	350
52	9	9	6	131	462	118	445	188	739
144	28	292	1	13	501	439	668	138	79
337	47	3	285	586	87	397	525	469	796
272	2	200	3	84	739	3	264	648	256
4	273	25	583	275	895	594	1611	329	779
0	0	47	194	3197	80	1	343	1058	886
107	1	181	72	2	795	247	297	5	1281
1	3	57	117	112	168	373	238	15	2439
2	123	800	398	141	11	761	433	5	932
1	597	1432	55	229	4	152	819	134	1201
2	8	107	1	380	61	835	112	457	172
152	13	22	218	310	19	432	1793	190	133
0	11	295	401	7	480	62	683	53	184
0	2	550	23	425	145	199	613	954	648
35	270	12	34	610	53	221	254	270	10
1	102	341	3	103	314	562	715	259	400
0	227	17	3	721	18	387	64	949	954
149	74	68	148	510	1746	449	286	518	790
108	3	0	605	1355	207	487	781	2048	351
150	10	240	3	17	25	2	105	505	149
2	8	188	76	955	3	1492	600	2093	509
115	524	1200	8	1	100	293	119	508	137
1	9	228	660	7	766	1033	48	234	479
1	1	2	45	223	523	32	317	669	21
2	2	103	816	265	357	1619	66	251	285
186	0	70	16	273	35	309	281	2013	1698
8	0	443	580	3	45	16	56	1341	569
142	1	26	464	208	482	396	11	365	1102
1	6	124	207	3	3	1350	417	674	107
2	295	1	22	521	541	19	734	494	43
183	40	126	46	77	836	316	841	193	643
192	180	12	6	355	194	949	1776	844	1541
87	440	1	792	140	1	763	24	1332	24
0	21	4	421	46	275	431	833	50	1233
95	210	788	326	3	508	89	59	1	8
17	168	12	35	3	782	5	406	6	9
2	3	10	335	334	86	1320	471	709	6
1	1	3	27	298	50	321	510	788	644
16	145	2	452	417	312	145	816	723	323
29	364	4	146	947	7	1116	21	1225	471
5	6	121	318	121	521	715	616	753	950
170	386	801	611	232	879	236	181	689	23
8	12	5	487	327	739	415	60	7	107
151	2	143	15	359	177	350	671	1278	865
80	0	177	1	47	15	957	162	1267	948
1	3	544	330	38	7	337	319	1457	2152
6	9	1065	332	9	371	396	677	161	808
841	41	192	148	218	453	68	726	285	988
20	87	13	71	461	952	13	278	8	901
0	94	3	107	412	717	4	660	1095	97
16	242	154	160	642	6	378	376	378	608
30	158	9	266	1593	805	216	504	711	659
3	27	37	120	555	745	396	352	601	1541
259	100	142	478	368	450	230	939	2040	820
1	7	105	5	435	327	4	6	659	201
1	168	74	465	236	431	62	2645	321	152
2	5	54	3	629	828	24	25	8	689
1	7	5	376	292	351	413	157	10	425
2	0	352	142	522	653	412	67	1028	748
129	592	5	56	71	2157	480	692	234	1025
1	83	554	8	705	377	52	106	183	553
104	71	92	263	659	55	0	108	0	30
1	217	182	50	467	354	934	780	116	22
7	644	6	5	422	6	568	388	966	319
4	301	107	32	282	24	896	1167	586	396
0	18	19	328	583	464	946	354	2726	1063
1	2	253	203	1159	131	101	981	3348	18
2	368	4	406	702	339	4	65	60	1129
5	13	259	350	39	953	155	427	689	1504
1	151	398	266	21	3	698	2064	464	644
15	10	291	28	292	27	25	16	134	455
7	250	307	23	768	208	1132	190	767	573
1	2	23	18	841	486	135	732	1970	1423
344	2	198	1179	589	526	484	298	690	280
2	35	14	380	191	90	492	355	811	379
8	98	214	728	0	569	1170	73	495	3557
2	198	289	184	31	420	174	912	371	1374
0	0	0	6	48	1208	244	403	710	967
0	3	102	509	104	3	5	1110	359	806
30	417	12	4	281	51	8	69	9	329
95	96	39	268	706	123	639	275	711	6
11	29	177	1582	136	145	232	826	410	335
7	3	41	214	519	1217	253	798	806	104
1	1	19	21	589	2227	4	758	440	642
294	77	41	114	381	2216	416	37	327	92
95	185	1442	516	530	384	389	345	233	901
2	785	523	6	870	31	1329	531	643	1103
3	215	24	92	578	286	251	35	419	730
114	245	11	5	186	1043	191	168	590	522
4	530	80	2	194	288	52	1432	2091	550
0	3	4	51	53	608	46	735	827	2657
3	31	11	453	667	15	500	272	6	751
8	104	45	0	612	511	666	206	710	445
0	590	14	1342	963	360	1284	416	2	811
54	4	22	43	308	136	1	763	762	793
6	55	22	1	1527	809	107	1512	620	544
160	77	275	317	394	2	382	733	8	379
2	10	19	405	357	174	32	1123	660	1904
68	170	72	379	293	491	191	134	171	1066
0	285	3	773	678	4	831	445	1337	1021
107	942	265	393	10	1485	517	467	553	815
121	1	2	5	10	37	28	804	172	15
96	3	63	23	731	1012	201	95	424	264
58	246	11	1809	542	547	911	644	687	414
1	205	98	90	436	2	43	1613	174	1138
169	5	4	10	354	399	766	923	89	624
255	11	2	42	1577	4	42	903	132	360
4	42	6	3	28	264	1003	511	577	1294
34	2	5	9	25	278	427	2	668	0
0	116	13	220	55	7	1327	655	319	2
2	4	20	452	413	38	148	910	74	523
3	0	0	596	587	209	440	267	1337	163
0	2	324	22	39	449	1	384	1021	1641
231	3	8	1	781	693	378	1116	542	644
38	2	3	358	27	375	18	181	520	422
321	230	273	14	548	55	720	134	2463	409
3	375	214	279	417	758	30	552	710	1188
2	146	15	3	24	143	1712	262	1208	1526
0	91	222	32	0	7	690	12	537	2569
304	204	147	477	380	728	360	5	1896	606
148	0	467	139	46	2	475	246	1402	1021
44	250	12	305	32	880	585	627	785	1535
5	6	1	376	592	422	417	407	6	1134
269	14	2	318	1526	3	811	2695	887	1084
52	118	98	23	695	7	1351	377	1	634
278	22	195	248	161	662	1178	569	395	78
7	288	438	210	707	383	868	702	229	3154
96	359	20	2	259	884	502	607	5	943
195	204	3	7	3	256	602	472	385	510
270	157	264	610	102	456	149	956	15	137
1	17	188	38	290	486	84	445	822	5
0	0	743	768	300	282	50	820	1093	397
233	2	3	9	245	548	289	106	156	293
87	1	73	262	1288	1068	369	33	1345	1357
11	290	524	4	50	314	298	29	814	1303
1	175	495	3	48	21	533	101	1021	329
2	96	199	448	177	345	476	110	349	533
86	267	162	3	312	127	561	429	102	886
162	245	376	36	6	30	948	340	390	5
39	31	908	402	189	111	360	298	222	3
15	0	765	209	513	816	269	570	578	771
5	833	2	3	181	68	834	428	65	581
316	0	371	8	1317	0	195	446	948	246
152	160	55	1378	218	270	1	34	622	456
50	304	473	1	473	617	202	1035	547	970
8	1	333	431	259	358	219	34	1488	1463
2	289	5	153	84	182	283	182	802	1277
4	116	118	690	243	524	44	673	305	528
152	107	734	32	595	370	798	85	4	1080
3	260	123	503	69	632	268	432	824	1068
78	368	10	827	543	2	158	31	58	442
17	461	16	52	8	328	1254	490	85	3435
15	338	32	825	532	681	362	515	1084	76
6	154	15	163	147	243	16	381	500	411
12	72	68	24	8	641	581	395	24	1179
3	14	76	830	15	447	102	131	539	1110
1	2	1	24	140	98	1396	3756	757	1095
3	248	161	416	61	18	390	533	957	1073
0	106	608	206	18	67	355	1279	33	760
53	5	659	1530	461	277	126	146	2381	1882
1	180	7	27	34	205	39	508	710	652
81	133	1514	0	25	33	218	180	501	655
15	202	9	294	567	19	799	914	1619	985
1	0	6	308	1375	114	107	2726	172	451
5	150	145	3	189	870	333	691	1084	257
116	274	45	367	169	513	26	593	1358	3
99	105	6	295	562	338	880	318	7	104
75	155	9	39	46	1370	260	616	277	499
0	270	31	634	219	99	373	381	249	2493
0	7	113	348	90	50	565	3918	386	1799
12	336	11	293	467	814	16	412	80	2926
4	2	9	7	2157	9	1017	6	750	758
30	1	2	20	346	826	404	728	412	89
237	171	522	262	191	360	421	2709	1399	1271
0	236	76	283	21	1063	192	655	103	178
222	57	305	594	436	685	8	841	978	177
14	1	327	0	395	1312	569	77	1564	780
77	25	34	169	509	236	32	278	1314	131
11	140	228	18	319	5	548	505	352	76
0	98	219	4	365	717	321	970	458	496
0	679	238	311	1173	348	37	411	293	918
10	3	224	26	279	408	1193	885	513	404
1	220	293	1172	228	5	361	361	2553	1147
254	0	81	13	28	102	1101	688	203	226
10	15	177	100	337	57	454	801	7	1228
256	7	2	366	126	142	8	2057	562	0
0	287	14	0	28	235	789	54	586	492
0	422	544	46	718	243	664	411	484	283
1	64	352	569	212	361	271	355	339	2134
182	116	229	62	635	772	613	1532	420	246
136	468	2164	199	726	449	1459	1494	484	1324
1	7	454	779	189	315	679	62	219	1050
0	506	343	4	265	156	93	157	263	1209
2	150	1	3	480	40	956	112	956	969
10	2	255	40	385	481	50	514	247	788
78	28	46	77	121	380	422	2	74	473
133	335	426	441	1093	285	66	73	593	700
102	4	23	947	17	754	526	1060	2	46
49	11	50	1178	11	5	337	8	551	1133
1	0	313	536	103	953	17	6	652	385
3	168	25	24	335	564	241	378	984	627
8	126	14	27	133	602	4004	1009	426	255
146	0	229	269	672	72	238	486	4	154
5	335	26	543	52	276	825	489	1296	1144
201	447	7	168	327	70	142	42	422	73
0	329	2	21	631	65	274	1312	10	476
320	1470	22	656	1	0	730	669	307	193
0	0	16	174	3	549	216	206	1035	595
144	29	79	5	179	2	63	548	887	299
72	8	402	484	1	434	345	150	180	645
8	25	649	19	459	460	2	6	355	138
95	81	25	668	28	398	55	17	368	676
2	221	548	226	300	6	0	134	7	741
2	14	573	1281	432	1673	4	1561	413	3
4	111	537	421	5	599	6	200	726	274
9	43	1	412	269	261	657	584	1037	29
3	12	14	649	59	252	172	65	3830	466
43	57	13	226	320	1389	552	261	392	223
3	165	1	346	312	574	774	68	354	822
347	2	218	108	472	2	419	645	551	6
5	15	18	101	126	537	267	428	552	183
9	14	598	428	28	1054	94	6	432	11
8	17	381	1527	34	62	898	1047	573	199
4	17	632	249	1265	1465	169	18	54	977
96	272	10	28	483	627	513	82	1101	629
0	319	72	91	832	39	455	635	857	3
1	148	323	35	144	881	1074	10	31	259
2	11	0	581	351	322	157	893	860	492
2	2	184	199	654	294	221	1419	1395	336
1	49	0	2	45	535	766	733	469	14
16	1	1	2847	4	15	536	696	311	839
10	15	501	356	324	1026	153	818	854	282
5	277	249	475	305	1105	446	133	867	927
159	12	28	252	17	325	825	190	127	809
49	29	274	23	19	2	22	1554	298	379
19	220	25	119	205	159	694	429	27	598
5	432	281	655	95	122	197	4089	271	583
2	3	165	602	891	434	524	559	497	595
1	35	239	301	302	4	457	1101	19	897
149	120	23	143	310	530	4	267	123	38
4	32	244	17	408	396	28	988	111	190
1	1	241	149	53	798	3	700	1157	648
10	962	117	164	311	828	213	662	364	624
64	233	784	860	135	564	583	1178	467	425
26	19	8	14	140	131	457	127	48	422
17	1	0	257	606	183	153	480	530	1216
30	2	381	39	81	8	3	607	933	608
15	1	701	418	259	386	688	250	439	451
314	0	887	336	158	276	937	761	706	1123
84	124	546	190	32	912	427	576	808	1566
84	1	204	383	362	1244	425	1278	947	2714
463	10	1137	5	394	167	522	492	6	574
3	131	319	7	595	735	225	711	1001	72
317	7	1	269	345	2358	743	673	286	1020
1	212	428	97	767	38	1149	74	1867	711
276	100	695	314	129	20	472	4	400	1407
10	2	394	4	389	498	630	88	884	462
117	81	9	540	194	456	606	396	1187	667
22	5	3	3	592	644	648	492	1	629
0	1	245	576	361	178	466	787	1066	568
0	440	0	265	999	880	549	672	732	48
2	242	558	354	422	99	73	325	346	567
134	88	9	1751	28	169	604	241	677	659
3	564	344	476	324	1	163	517	1170	909
5	0	0	22	36	30	78	2589	623	742
6	83	585	296	317	433	830	958	449	1026
1	417	13	0	561	2202	494	2140	1606	3481
2	0	3	40	698	497	658	489	226	827
165	5	508	40	4	7	7	297	203	564
192	9	35	0	856	3244	162	960	1138	1246
35	8	7	204	12	203	1371	578	277	727
18	183	399	177	71	39	645	8	37	114
5	2	15	491	210	1373	168	318	444	890
9	2	980	286	1	0	492	1834	309	691
7	431	467	400	12	30	569	46	885	1389
4	55	198	780	124	380	128	1181	767	832
8	1	166	345	239	381	0	1177	3711	591
2	23	0	515	56	6	499	1835	1233	1388
35	137	224	1270	461	551	461	5	1659	544
158	367	24	228	763	0	261	739	552	106
45	689	11	630	384	9	529	877	9	1048
0	26	581	366	15	358	183	52	658	454
85	18	136	233	452	28	660	1749	682	621
2	3	119	28	600	49	533	467	1170	497
17	0	15	131	49	12	371	1062	540	240
0	441	48	67	89	876	441	595	1223	1568
6	223	535	597	89	699	338	189	7	457
3	65	157	500	286	354	20	131	794	5
142	248	5	243	638	547	204	601	245	696
106	16	186	12	1412	17	922	599	545	185
61	11	32	117	603	368	147	179	320	1360
465	0	13	296	22	529	343	186	940	601
2	9	23	513	396	23	3	8	523	446
0	1	17	963	4	175	775	493	1436	315
0	526	42	2	2	629	1628	179	897	674
2	102	255	555	225	5	470	73	453	558
317	196	333	255	181	450	851	998	1003	43
131	12	1494	30	361	404	1585	264	1415	473
283	210	61	296	1013	378	370	461	516	205
351	74	333	71	31	385	364	171	388	345
0	20	344	25	2	269	222	1161	1062	904
98	51	8	3	1030	130	141	291	5	208
2	4	204	30	8	128	476	447	724	986
185	3	0	161	22	1	703	1032	1095	1281
38	4	22	24	100	698	265	223	526	710
181	22	406	22	22	391	1218	548	197	679
1	7	26	297	39	70	622	6	695	1565
2	442	4	730	2	22	627	296	1512	386
0	8	443	341	8	51	1079	604	89	3454
168	290	616	422	8	6	364	166	545	801
5	7	443	253	2513	38	20	486	803	931
167	92	0	699	388	278	20	1730	994	1237
76	0	304	46	74	645	114	394	1090	88
0	161	348	59	455	54	412	112	698	199
1	319	28	254	1270	1	103	442	3	404
4	46	5	195	458	333	51	166	368	259
3	0	81	310	36	181	1058	309	640	1328
137	129	465	62	0	80	60	360	751	7
8	1	810	266	533	936	502	223	816	266
3	7	136	2	566	32	398	688	537	264
7	8	924	33	202	197	5	19	897	23
54	439	3	30	3	417	319	545	286	1126
1	114	27	722	41	570	4	346	703	836
0	219	239	64	253	795	14	512	791	2446
296	147	1	82	39	48	53	199	309	611
8	344	778	456	11	807	0	621	8	43
0	39	156	83	643	518	203	705	1794	518
2	194	17	321	0	262	771	142	462	134
9	0	430	164	229	341	930	367	832	727
12	377	207	187	50	135	438	67	988	394
397	39	14	3	36	942	769	1406	1513	555
0	2	523	726	400	64	299	664	243	658
63	280	288	102	50	102	54	178	1041	521
2	24	156	1	54	10	677	728	91	324
3	205	456	808	286	182	1104	840	382	781
163	4	42	118	183	37	363	321	159	386
6	0	98	23	364	229	453	134	390	953
0	2	4	140	696	134	1586	402	302	1163
81	5	369	2	320	9	833	347	227	182
66	6	264	3	169	477	68	142	406	237
1	15	374	118	199	642	305	346	532	339
220	3	102	371	724	2256	157	290	11	1295
73	189	6	44	859	669	253	738	2566	1440
52	78	413	27	199	1833	1004	319	592	588
96	135	7	158	19	631	492	428	458	1246
431	25	192	395	141	398	673	0	619	1420
1	2	43	850	105	687	839	1033	477	423
0	528	76	4	520	613	426	335	423	308
7	2	529	397	412	460	248	413	703	446
275	266	465	446	87	116	327	801	280	905
0	11	4	849	408	435	853	58	520	449
19	26	231	9	235	244	638	1057	404	2736
47	1	2	6	6	241	426	670	572	6
