0.1 percent	0.2 percent	0.3 percent	0.4 percent	0.5 percent	0.6 percent	0.7 percent	0.8 percent	0.9 percent	1 percent
3808	2861	2213	1533	6918	5810	7625	7282	9716	9629
2325	2793	2578	3775	5030	3538	2857	7666	11603	12605
2627	2093	2817	2153	7210	6443	3300	5191	9854	4873
2206	2741	3856	8080	7785	5068	5592	4272	4468	6836
1873	3159	3895	2637	4563	8479	4438	10645	9065	9531
1195	2379	2531	5894	5892	5196	7630	8695	4078	8981
2625	2344	10571	2073	4433	6651	10209	9501	27477	11095
1229	4291	5163	5458	5939	6752	3185	8091	3409	13253
1142	1019	5778	4023	2163	11478	21822	3547	5122	14016
973	3434	3618	4037	1829	9225	4372	6809	7162	5600
1690	946	2768	6044	6055	1886	6175	7405	9702	8305
710	1571	4575	3822	8584	3322	10105	4051	5482	9524
1511	1980	4026	6087	4107	3851	4124	6404	12550	4908
1155	6836	5448	2451	6981	3357	9862	6094	7418	4988
1447	1735	3019	4634	6029	8580	5627	4141	7944	12219
3520	695	3347	4376	5457	6484	4305	11591	6735	15544
1746	2663	3157	3413	5226	8780	6481	2956	5627	4734
1525	2284	3528	2770	2067	7015	8344	11254	12384	7821
1390	1903	2410	1651	13840	5479	8360	6797	11912	16003
1525	3808	1852	3140	4349	6417	7003	4541	5340	9240
898	6808	1771	3351	4374	5218	3289	7259	7960	6092
679	3887	6291	6500	3069	10513	5361	6530	6572	4703
1537	2505	4382	2320	4008	4909	7107	6124	10503	8512
2588	2087	2139	2925	4003	4977	5915	4321	14170	9787
975	3330	2041	3260	7110	9213	6214	10399	6919	7517
1585	3789	5114	4689	3003	6230	3127	3234	8736	9074
936	4425	17421	2070	5458	4728	7208	4748	8949	11988
1346	3862	4631	3136	5331	6346	9430	2403	5835	6262
2420	1712	2674	5780	6411	5212	19439	16930	8379	7402
723	4994	1891	838	6413	7995	5428	12170	4966	10768
1423	1938	3251	2711	5738	8780	3080	7238	9115	15229
996	2619	3582	3693	3464	7870	5960	4338	12018	11309
2065	2753	3816	3956	1806	4982	8425	6917	12978	5037
1923	2025	4102	11038	4379	5637	7699	4341	8426	5530
860	526	2191	4240	3727	4591	4536	5822	6908	5682
999	1301	5321	4100	5351	5720	9801	6641	9396	11007
2202	779	3881	4642	9912	5172	7274	8075	8314	9954
248	1509	3516	7042	4450	5748	9868	6253	24550	10258
2251	2507	3065	2220	2124	5576	18271	6701	5193	4973
1721	2023	3953	5368	15651	3085	4772	12881	7276	26711
1552	1536	4750	3914	2248	9801	5965	4150	8474	13705
1579	2851	4288	4618	4667	5006	2801	16966	7788	9293
212	2741	4342	3285	7628	5792	3246	10761	23129	13235
2171	1866	4173	6056	4589	5321	2353	6861	6229	13329
1944	2742	6514	3805	20522	3048	5406	3362	8382	11436
2708	1726	3983	7129	3093	8777	10316	5573	9542	13228
2451	2534	2554	2914	5457	5879	7602	7863	4029	5186
1288	3223	3787	4497	5608	7175	3768	8227	9380	5905
2379	2354	3413	2752	4016	2446	7757	8121	9530	7733
1002	2551	3767	1547	4057	7518	3032	5169	10565	8808
2173	4004	2300	4400	7867	6436	6692	5262	16312	25142
976	3204	0	3020	7365	4968	5999	10834	22407	14127
1047	1863	10582	5358	6095	5862	7978	8882	4076	4202
430	2749	3121	4406	4790	8602	10236	3239	9745	12692
3099	3174	2211	6170	1407	7949	12888	5169	6371	7430
2447	3217	2102	2494	7441	6371	3698	5271	8806	5489
1802	1635	1717	2106	3198	4204	7819	8915	4683	8445
2378	2333	2242	4988	4805	3546	16684	11566	6469	11695
1303	4182	1829	8585	5170	8225	5374	8029	6974	5750
1594	1016	4104	7188	14252	3457	5043	8815	3761	9658
546	2143	1978	3018	3149	3714	6411	8339	8006	7809
3096	2258	3163	1659	7617	6858	6142	7877	6547	7317
755	2624	2677	2026	6319	9007	7870	8647	3774	7460
2994	4366	1935	2389	6100	6996	3592	10987	9768	8723
105	4341	3247	5987	4821	423	3278	4402	10728	12738
1134	1995	2167	2196	2900	3282	6045	7298	5100	6459
631	2463	3247	6797	5408	4475	5706	3553	8759	10338
1776	4269	3167	4532	2313	2486	3159	6584	13451	5272
1946	2712	4133	3665	7797	4239	3490	13176	14511	14715
1984	3122	2044	2957	2513	7024	9023	5602	7837	7703
2000	2600	5273	3961	5512	6999	8745	20127	12123	4514
1155	1344	1884	4438	4535	7973	6467	4681	9193	7724
2361	3079	4324	3808	1813	6290	3134	11101	5647	6850
1104	2224	5259	5275	10028	12426	4144	6217	25303	6742
2031	1676	7419	2367	1941	3365	10240	9252	12287	3881
1415	2200	3432	4207	2017	8809	12164	6182	6472	9088
2126	1640	3877	5156	22948	4375	8602	8669	8383	12587
2197	2253	3474	2060	2951	9782	3442	26794	3312	15057
3966	1513	3875	3626	3234	6796	4824	5582	3324	12188
1801	1419	1404	3933	4949	7813	9293	7177	9837	19005
2104	1198	1446	742	4386	9019	3028	4187	9300	5097
1638	2844	2027	6717	4748	6703	5930	9750	25442	4735
1433	2769	9177	4207	2800	9466	4683	3921	7791	4233
1166	2319	1838	3507	3738	7032	10802	10238	5850	9405
2308	1923	3648	6578	9467	3708	6627	10843	9542	10097
1641	6362	4248	1803	10008	3610	8874	8910	6639	8855
486	1657	4236	4775	5609	4753	5947	6431	12817	10714
1472	2247	3144	5540	6049	3709	5502	6654	9386	15174
835	3280	3157	4767	2391	5929	18531	11096	8774	4043
1458	3244	2595	6322	6733	7946	13038	10135	3750	9769
1119	2230	1673	2112	3151	6313	10822	8140	9819	14613
1962	4137	2720	1879	1482	4993	7108	4580	11886	23797
991	3081	5094	3023	3746	7604	4724	10156	9224	8866
1358	2604	1258	1548	5486	2188	3700	5895	9701	12373
1357	3107	2253	5135	3725	4761	16524	7951	7313	3398
3055	2848	1658	2493	5475	8988	5123	5463	8705	3823
1007	2655	5320	3926	2284	6429	7160	9490	8653	6440
2222	6935	4914	6377	8636	11068	5202	8488	2823	12617
880	3467	3303	3613	9169	6512	4445	6656	4975	6843
2772	2625	2201	1873	3935	3981	10312	6227	10687	15397
1672	2700	3564	1737	2055	16348	6294	8724	9838	4105
2027	842	1755	3836	7281	5643	6930	3970	6036	10931
1457	2767	3239	2681	7438	5776	2805	10253	8010	7388
1506	2250	5476	5951	5645	5436	5886	18132	6887	5871
3503	2359	1632	4617	3987	3583	2522	6414	30004	6580
1824	2113	1508	5533	7410	6357	7073	12742	11072	9285
2408	1644	1873	1770	8185	2350	6704	3341	4927	13573
2443	3033	7135	16207	8159	6550	6190	10714	12422	10844
1033	1588	3477	3778	5313	2829	9083	4342	9558	6581
848	3654	1746	4904	5692	3123	10233	5177	8752	12000
1724	830	2388	2217	6822	3377	7420	3813	9775	5221
536	2096	3940	12034	6293	4624	5306	11355	9464	5975
1175	2496	1452	1092	3856	6921	8554	7515	14956	12805
1753	3329	5692	3654	4156	6420	8584	6557	5872	4233
3154	1331	1314	3718	3661	4811	5533	7898	12124	10550
1423	1232	3647	3734	5472	5864	6279	6906	7443	9672
574	2667	3453	5838	13147	4830	26645	3460	16340	22366
3059	2134	2627	4466	3705	26486	9683	3754	9295	4544
3581	6061	3417	4662	5235	7060	3849	9622	5033	4641
1523	324	3962	947	7316	8177	3288	8485	4762	7653
1518	2626	2835	4259	3385	8876	7169	8630	15684	8516
2276	3867	4456	3618	6228	8074	4274	8205	11109	9440
2592	2251	3206	6474	3640	8129	12717	9537	10556	11850
620	3376	6703	3782	6414	2597	8214	9640	9814	13103
1082	2678	3094	3274	2147	5163	8865	6682	4474	11012
1783	1512	3189	4218	1941	5650	4416	5708	10042	10550
992	2038	1458	14319	2719	9796	2674	7034	8808	25133
1582	2908	4183	5757	4871	4295	6460	8220	20010	7358
1656	4191	1750	3498	6429	5360	9566	19704	9665	14254
2221	1848	3006	3434	2819	5193	18477	6292	4165	6106
1396	2145	4365	1866	7492	3402	8044	8230	11043	7787
1041	8253	675	4485	2598	7817	2668	3708	6750	10698
636	4803	5315	12502	6120	6802	4118	4714	12798	7243
1945	2475	2334	2709	4585	2746	4527	9637	7776	10208
1387	1628	3429	1248	6809	2406	4284	9988	11918	7557
636	1397	4146	4291	3639	10450	4309	10372	6707	5717
1664	2397	16119	3143	6707	5510	6581	3398	11325	7794
1515	1590	2468	3659	4032	8236	6536	7900	5066	6840
1129	921	1893	4746	5888	3953	4813	8373	3396	9226
1423	1387	3262	5925	12939	3426	2941	10198	9915	5253
2752	2508	3933	4215	4172	2198	10610	4086	8994	9174
707	2029	3986	4678	9784	5787	3079	11083	8917	12021
3262	2443	4522	5686	4599	11716	5842	9187	20684	14214
1949	2735	2165	7444	3163	5021	7991	7506	6930	3564
912	2393	2200	3097	5473	2628	7776	4918	7174	6979
2819	2181	1177	4995	14318	5962	5099	12506	5955	8531
1866	1839	2860	6580	8333	4403	7279	6247	13547	12393
1573	2549	5481	6027	9896	4138	17697	3330	4720	8624
697	1411	2192	5253	5744	3843	5960	11047	7883	4368
2443	2782	4251	9283	8096	2819	6514	8480	9403	10354
1074	3725	973	2123	4974	5832	4672	6808	8373	10237
2011	2231	4610	5124	9797	27127	7567	8121	5042	7930
1566	3233	5198	2648	6508	9148	6643	8359	17208	5739
355	3002	1587	5907	4287	12612	4384	11148	8627	8357
962	3767	4525	4224	5265	5065	3271	6699	11781	11745
3044	1597	1365	6685	6562	6130	13839	8289	5382	7076
515	1773	5776	4000	6006	5697	7363	5317	7323	16128
2295	2705	2084	5191	7114	5123	5969	8858	10653	15908
1128	3860	1442	5120	2640	6936	5243	4468	9900	8006
1034	754	1838	2402	5600	2793	3825	4099	6312	11391
1402	3598	2168	2872	8777	4756	4884	2538	7287	10784
1198	2599	2398	4504	4380	6742	9196	8518	10854	5065
362	9093	5033	6156	5509	5811	4773	6974	8387	10976
848	2103	5062	3831	3254	21073	2362	6835	12976	9998
2026	3539	3156	5103	6095	4584	8512	5735	10262	6874
1472	4520	1392	3881	5309	5461	6648	7193	12550	14863
851	3160	2798	3383	854	6271	2837	12550	22942	10227
1977	1784	6168	3991	6585	3083	10023	11029	8282	4136
2177	8859	7091	1595	6929	3279	6998	5959	7334	9864
720	1618	1641	3640	3442	6507	5191	12121	4004	8131
1353	654	2397	3881	7836	6311	10840	9047	19584	12547
1265	2503	5205	5038	11234	6204	4807	3712	10779	10001
815	3568	3989	2676	6609	7842	3544	12720	8187	8331
1915	2135	4045	6689	2858	7290	17201	10020	10417	9029
1815	1469	1158	1910	4904	4550	7242	9053	4549	5810
320	1241	3343	9081	4828	9333	9200	6484	7367	5958
3379	2594	3057	3243	6386	8940	12088	8056	7939	18848
633	798	2730	1867	7051	6949	4439	7608	8454	13333
1164	1603	2855	2087	6537	5927	3175	6170	23854	4683
1638	2203	4928	1332	2964	7780	9592	22094	8265	8498
1964	2628	3552	3705	5861	5361	8492	6592	3797	7352
804	2891	4712	2855	2967	6946	7872	7861	6714	6565
1348	2431	3448	3379	4228	2614	10827	4389	3431	10411
1125	3332	3281	3511	6868	9809	11066	8683	12877	3586
709	2402	4262	5851	6176	2470	9865	6000	7613	9971
1915	2175	3240	7454	3762	10045	13918	4230	10092	4452
2745	2500	2680	4525	11626	6876	5511	6878	9935	5856
2713	1505	5043	9460	4907	12444	10491	3874	4547	4296
947	1308	6710	3620	4890	15993	8709	5952	12414	17513
2660	1633	4176	5111	9268	8683	8315	3173	5398	12514
2251	2677	1132	5524	2630	8047	4547	2247	4041	9467
1858	3444	3302	2493	5243	3830	4588	8562	6241	13998
1242	1996	1551	2723	2561	3482	7691	7653	5350	18151
1110	981	1867	1486	5319	3688	10652	6706	7646	6400
1038	5810	4935	15885	7021	5400	3336	8203	9317	16458
1361	2550	3956	922	2575	7207	5928	7073	11222	9083
3788	1256	826	3053	5234	5828	3957	4529	4070	12061
1754	1764	3140	2450	5108	3498	5547	12194	7052	12968
1566	2887	2339	6144	4761	2742	7261	3806	10777	11762
1443	1588	639	4533	3397	2909	10410	6390	7297	23707
843	3790	5168	3810	5285	2558	5324	10559	6389	16083
2126	2715	2929	4265	4353	19651	2954	24300	12367	4059
1240	1260	1122	11781	15019	4189	2827	8226	9557	12564
1230	2692	3812	201	10621	2773	5745	8088	22401	8149
726	2418	2371	3704	5956	2819	3006	100	7747	7504
1326	1285	4979	1358	3884	3157	5816	2982	8815	9717
2108	993	2245	3976	14569	9199	5533	3336	11820	11542
2759	2574	1808	8635	2278	4416	4348	5454	9665	7171
2473	2635	1947	2686	2711	12054	7673	11030	8133	10987
747	4728	3290	3470	5623	7384	4625	6283	8621	6025
1543	4803	4854	4498	3433	4066	5436	7321	5523	10145
539	1955	6580	2114	4659	13673	7069	9174	5414	5797
2191	1289	6305	3911	5770	13916	7231	5945	10743	6031
928	1469	4226	4453	8152	2194	3933	12233	14111	6904
1025	8519	2360	2068	6207	15659	10460	11379	9840	7976
1572	2177	2104	4210	5857	2919	17306	32169	11192	12880
848	4127	2599	7576	2314	7762	2336	304	3610	13520
625	672	1985	4545	2222	7254	3927	29397	6274	6826
1013	2393	3298	3203	4958	2584	5794	10181	13432	12464
829	1930	12009	2220	4236	20760	6049	3973	10912	8119
1700	837	3762	3103	6809	17328	8062	12033	13043	14843
2424	2679	5410	4094	2968	7424	6754	10649	5028	4839
1221	1748	1448	5847	6295	6026	4766	6501	8688	11311
1778	2806	5325	4671	4305	5740	7709	3485	8242	8817
1772	0	3269	6333	6888	2747	6293	6290	6897	6128
2189	2344	3629	4755	6888	5813	6090	4918	7946	10754
1529	1033	1247	6188	5757	6871	11898	9658	9801	17133
426	891	3410	4969	4581	6026	7313	8276	5890	7300
1707	2380	2433	3618	4617	6327	2903	7989	5638	13549
1879	2184	4099	6220	4811	5613	6662	3117	11330	9772
1897	4794	2672	4484	6317	8218	6811	15217	8843	4112
2053	6573	1771	2796	4925	10153	4049	10303	3710	5032
1454	4326	5749	3046	7758	7239	5347	4608	3623	9755
6615	3518	2601	4768	4808	4623	9702	3712	7156	7045
2665	2247	4961	8640	5440	4875	18658	8854	14359	6847
717	1602	3351	3499	7135	4765	5117	12360	9983	8446
939	2776	1399	5428	4288	4087	5242	9418	13252	12162
1732	1897	3273	9712	6879	4451	8132	11953	5063	12401
1738	2261	8848	4251	1731	8973	3660	25419	4859	13752
1459	1870	6422	3524	4265	5747	7272	5627	12535	15137
535	1443	3843	4196	2538	4270	3269	9563	12267	15402
1464	3861	5247	5181	7076	5357	7194	8935	8873	11439
1231	5900	6134	5824	2745	7121	7570	5044	8254	5370
2243	6963	2754	6499	5643	1234	5257	15419	8441	7245
1818	2410	1864	2815	5717	2850	5764	3914	10397	6956
625	2325	2922	4396	4542	3448	3028	7709	12445	4837
1289	2572	6278	3332	5223	7675	7149	4781	13465	25710
2282	1648	3773	7929	5438	412	4618	9944	13758	4286
1518	2625	3175	4958	4347	12453	4920	4060	7631	11169
2730	3395	4076	2599	4721	6332	2591	9065	7304	8482
1445	3857	3704	2856	4450	6260	5217	5562	6838	10606
768	4298	5655	3720	2468	7129	7449	4958	4628	11875
430	1376	2220	217	5494	5623	2943	8387	4007	10189
626	2865	3421	6601	2564	2150	3190	4798	7990	8987
2174	3250	6786	4285	4509	2032	8509	10303	10082	14586
1364	1050	2437	4710	7345	2997	4788	5758	10469	10241
737	2040	3270	10843	8437	4917	9097	8464	11557	7378
2324	2218	3215	2853	13675	18168	6889	15790	9699	7148
1838	1885	10289	4174	6239	5599	5526	4081	3648	9531
1095	1872	2631	4966	3155	4191	4755	7323	7904	6543
2568	3259	6408	5355	5555	5567	7190	9355	3702	7191
1364	1385	4723	6219	3365	10682	4338	6945	7404	9969
1605	1451	4905	1829	4177	7163	3645	3891	15506	12526
901	1630	3996	5259	4397	7038	5931	7453	3864	4304
1042	2382	1135	7271	6808	4380	12995	2957	14126	8262
943	2115	3393	6692	2923	1557	6709	8816	7329	9604
4194	3516	4843	5886	3656	6854	6308	21870	5819	11227
2124	2888	4889	10948	6335	2625	4413	6110	13971	14949
2855	2131	3870	2890	5279	2803	1357	7339	10126	8295
451	3538	3295	3113	7144	7042	3409	5895	3761	9039
1514	932	3074	2944	6894	7625	20544	11550	3634	8965
891	3288	3648	3813	6271	4654	6624	10550	10512	10404
1234	1485	3042	4902	7210	5767	10381	9449	7557	15556
329	3849	1662	5612	2422	5335	7722	9068	9374	7167
1419	1170	2909	1558	2337	7375	4602	21638	8727	8717
1481	3460	5876	4188	8819	6182	7369	7718	11416	9348
2849	2533	2820	6122	4942	12762	7071	8907	7427	4386
1078	7630	3858	4490	5202	3089	6615	3440	6499	9223
2146	1941	2965	5410	4559	5488	6726	5557	6972	5924
917	8447	1563	3532	5322	6051	4514	5634	4223	14850
2425	2820	4444	3490	6306	8547	8253	6888	10662	4812
1298	2380	1627	4361	7650	3602	4244	9186	7944	8784
5306	1742	1864	5727	2385	7088	6579	6099	3797	15637
1533	1731	4243	3426	6501	2412	5797	7596	8357	9691
1657	1807	2391	3302	7049	9924	5426	8009	8771	4269
965	2912	2810	3646	3954	3881	3677	7135	9077	13805
1544	1489	10601	1382	10187	5342	5995	9331	6056	6868
1180	7880	5487	2615	4611	7405	9791	4359	5515	5183
2417	3907	2641	4880	4263	4781	5387	5312	3768	5689
1452	3853	5739	1777	2172	7261	4974	10127	9234	7745
792	4952	4788	9988	5630	8333	9929	4199	6952	20722
607	2944	2888	4141	10490	8573	2249	12246	3659	9480
1276	3676	1706	5144	2870	6539	3996	5183	523	5493
1255	3314	2409	2063	5579	2597	6023	3821	13065	4484
1814	2677	2877	1983	9223	3660	13001	4542	12339	6757
2381	2340	2995	3897	3587	7352	6196	7179	7717	10274
1002	3103	6247	6415	4973	2921	5421	14000	7496	13476
1889	4670	3645	2587	6653	5972	19557	9678	17232	11108
1275	2073	2012	2146	5249	4997	7888	8580	16802	5587
547	1988	2549	7016	4260	10578	3460	4520	10036	11690
1692	5040	3888	3426	11871	5040	4347	6682	4994	5937
1166	1145	4577	1884	7762	5972	5569	10023	9205	13846
2912	2569	7467	2696	5850	6178	5224	6274	4347	6452
1542	2440	2645	4647	5318	5589	3399	11474	10318	3643
2333	2622	3057	1650	3432	3886	8298	5708	7881	11492
1586	3456	4015	5758	4391	9535	3183	20934	3381	9492
902	1863	4039	100	4316	5275	6867	6886	14766	14091
1263	766	3040	5866	4920	7419	3341	5866	7962	9140
212	3084	6720	4674	6540	5587	5956	6769	9860	28366
3168	1615	2479	4291	3476	5386	6720	4491	4210	8663
1514	3530	2819	4236	5749	7501	6212	5978	4881	12530
1853	1818	2027	6465	19624	5768	2044	9867	5472	7722
1314	2625	4526	3868	12812	3510	24622	10716	5654	5443
2261	2343	6633	3238	2057	3910	4290	7969	8446	3291
1339	533	3561	16728	5664	10866	3121	8087	9679	13902
1713	1719	4621	1707	6168	11545	8588	5399	5850	8499
2353	1954	5136	938	3644	6159	6570	1693	24648	6530
7222	3744	4100	6693	2277	5768	6747	12164	9984	11881
1053	3888	2785	3260	3754	5968	10586	11128	11555	7846
1661	1679	3793	4057	3385	5441	3013	6407	12848	5897
1262	1870	2581	3886	6683	6292	11544	6563	12139	12032
1495	3646	5765	7737	5783	2691	3511	6106	3387	6825
726	2652	4308	2823	2872	3718	8188	3234	11932	1694
1158	3659	3424	3226	3719	2379	5281	11468	7600	6849
1360	1712	2740	3318	2185	4759	6444	8903	5064	8831
2505	2784	3151	2130	5157	10693	4254	12199	9551	10142
1850	3355	3583	5396	7124	3888	6494	5715	3767	6613
2116	7709	4339	6438	2440	7922	8505	5291	7849	5959
3021	1486	3846	4740	4097	3066	5479	4239	4326	10007
670	6325	3729	4508	4912	4113	3551	14806	7343	7655
1372	1064	1816	3419	4178	4678	6512	8528	7301	7370
2310	4715	3540	4571	4182	3888	10650	3457	10046	4062
1614	3013	2217	1090	4555	1999	8291	5322	8387	4708
410	2770	2880	7096	6239	3314	4194	5152	7501	12162
2151	1382	3384	2308	5498	4171	1226	3811	8189	10023
1857	3133	4495	2943	3992	7468	6876	4564	6768	4835
1170	3683	11706	1864	5245	5517	7616	14310	9009	4533
1359	1441	3075	3362	5150	5680	11509	7193	6870	4769
964	6074	3622	4287	3443	2131	5999	7300	26830	8369
2061	1694	2593	2895	4506	4369	5848	6255	5117	14843
2321	3661	3640	4403	5232	8124	4857	7739	9584	5290
2518	1880	2184	2455	9644	4163	2987	6462	4740	8332
591	781	3440	3494	3238	7585	7875	8919	6011	11644
2084	1416	3814	3971	2816	1968	5510	12686	3443	7726
1909	1958	3642	4617	6058	8163	6930	11041	8019	12238
568	3387	3669	4390	6504	5273	4956	8503	8491	5298
1679	2693	5328	3767	7064	2703	5919	9425	11151	6347
1929	1355	3442	4167	3602	2357	7673	4704	12276	10166
1155	2254	2516	4751	4381	6022	7093	5492	7695	18158
1641	5115	11994	3782	4560	3419	8035	7558	3069	6660
1944	2284	2582	2608	3201	4618	5751	7795	6984	5270
933	1587	4160	7493	3529	3003	3192	12035	4665	3881
3911	8102	4239	3666	3395	5193	3525	9031	9624	14472
745	1662	2158	5020	3498	5693	5602	6124	19032	7937
749	4006	5484	3729	5954	5811	10440	7977	11135	5690
986	1660	3637	2122	5184	8676	4443	12149	8299	9892
5236	1960	3582	2710	2024	5576	4782	7613	7156	6544
1565	2166	1685	4951	8630	6921	8142	5911	9737	11418
753	2214	4325	3975	5584	4122	8603	16503	3537	11558
1684	1269	3237	3392	4746	3801	5748	5394	6670	7505
416	1676	3465	1545	5506	1920	21143	6271	8888	3671
1853	2824	1792	3384	3301	6874	6858	6374	10285	10909
1104	4077	3059	3384	4942	5234	4350	9291	4001	4687
797	2376	3505	2898	6962	4151	7164	9938	7528	8592
1154	1196	3226	2846	2299	4773	7481	8839	12140	7644
1360	2540	1425	4633	17966	7870	6804	8638	5078	10289
2669	2382	4934	5041	5105	4399	16066	3361	5480	4143
591	1891	8705	4671	3053	7482	7258	5678	7241	7203
558	5589	3816	2627	2291	2196	6399	3241	4210	8817
797	2024	4304	5151	5378	5493	9126	10556	9297	8301
2372	3022	1348	6090	3864	9066	9497	9925	6162	4195
1075	2027	2149	6181	5641	18020	13342	5319	12620	5417
2685	4338	3198	5636	7438	5375	10182	6669	4049	8664
947	4047	6587	3773	16700	6220	5409	7377	5546	8294
894	7223	3399	8515	4472	5501	5606	9408	6016	5168
716	2718	3276	3165	5585	2196	3268	4787	10647	7226
1639	2593	1610	2724	3403	5742	6525	3865	9177	8307
1665	4412	1341	6346	7564	25802	3908	12531	4219	9528
2295	3006	1015	4582	9949	3575	20760	3646	3202	3858
846	1812	1955	4518	4289	6895	8762	3927	8624	5707
3743	1065	7353	4734	5663	7096	32891	16805	7304	8350
1634	2334	3755	5557	2979	7760	4795	5806	7309	16468
1154	4178	3619	3856	4706	5562	6139	8186	5136	14839
1224	4712	636	3834	4109	4644	4982	21168	7737	12933
2625	3057	4493	2975	4216	5246	2804	5905	20786	6523
1120	2016	2477	16712	6307	3242	6083	12658	7131	14700
1980	3157	3931	4454	5053	5558	4682	8080	10265	13663
3074	3585	5101	2035	5576	5506	4258	3474	12872	8595
1248	2887	2939	1922	3476	4315	7669	6482	6944	6556
1924	3718	2178	4255	3347	7313	6983	10093	9510	8171
1327	2555	5080	5340	4225	9839	3563	3392	5506	3738
827	1277	3377	6994	5509	5025	2768	6050	10163	11791
2188	2390	2990	2690	1643	5213	7425	6211	7895	14511
1163	2710	4058	3137	5628	3976	11837	4785	5448	7336
318	2577	3213	3252	3715	4302	10933	11209	7457	18719
1893	1778	2170	3955	10412	7873	5095	9719	5472	5883
694	3098	10878	3752	5600	7259	6086	3206	5410	8433
2755	3375	6203	3979	6294	2844	3321	6480	9936	12009
639	1368	3894	4967	5899	6624	5748	8440	26540	7129
5442	3756	2442	2607	6614	8493	5447	5305	5272	25301
883	2292	5053	5054	4831	7271	5573	4454	8826	10696
2110	1525	4008	4214	1994	8057	5934	6922	12983	3390
2414	1554	2215	4181	1663	12616	11912	7168	5748	10555
704	2182	4479	1824	7608	6963	7747	9383	7216	10604
1468	2432	3987	8403	4803	6885	5154	3812	9634	8726
3741	1441	3674	4709	5180	10264	3486	7102	8046	9951
850	2241	1446	7934	5671	7932	5739	7775	7548	7681
3249	3303	5150	3062	5018	8972	4402	4337	13172	6236
1814	3827	2648	5832	9415	2670	19855	6164	10177	11506
892	2435	2408	3062	5607	8552	12917	6598	10231	8974
1578	3564	5304	3649	3323	5323	20572	6212	4993	6480
535	1642	3279	1851	3549	8849	4652	9483	16134	5846
2351	1437	10389	2106	4543	4842	6039	2681	11349	11999
787	2380	3116	6173	2808	7221	7421	9226	10982	8197
1893	1532	3481	3471	6056	6190	5408	8075	3962	6180
2525	653	3138	4427	4133	8840	5770	6378	3499	9737
2227	3776	6093	2341	6600	5464	11399	11690	7138	12635
1336	979	1813	5446	4254	2983	10078	7312	11497	5204
4306	422	3971	3924	3704	10783	9101	5852	8128	10684
1374	3624	4360	2983	6211	7502	4893	10387	11195	6371
1155	1205	5533	6193	5828	2811	5117	7883	8182	6415
1216	1889	2869	9886	5667	14545	2977	8332	5288	8802
1821	2037	2100	2525	2427	4582	2869	7748	6975	13077
1487	3105	3708	3982	7233	9785	5899	3384	10328	27935
1286	4219	3375	2164	7117	2777	4748	3418	24849	4431
1915	1600	4953	5621	4462	4968	5579	5692	11060	7875
108	2642	2886	4880	17058	6244	8993	8888	5234	10493
1152	1235	2008	5273	5873	5110	9470	5914	11651	10751
1031	1733	4517	7510	2401	4491	4806	10054	7277	4432
1516	3844	209	2503	4108	7822	7785	11081	10200	12578
808	3086	3846	2511	4218	7152	5518	12173	13234	5625
694	1948	10219	5062	3098	4732	8066	6658	12475	7261
2591	2941	4148	10319	6020	2889	4278	26040	11881	7604
1423	1416	1079	3406	2201	8058	5129	2838	4691	8311
1325	2572	8895	7673	2472	2611	14900	3296	12213	7992
1976	1798	3397	5322	5854	4366	11717	5243	4013	7622
2095	1818	2197	2907	5080	4489	3185	5566	16783	12694
988	3050	5060	5658	5121	8400	17172	4327	6769	10705
1127	2077	3418	5699	4402	2732	9802	3295	11380	5574
557	3521	4251	4963	5310	7263	9006	5904	4727	9842
3158	1469	2142	5410	9788	7214	8936	4825	10638	4185
1557	3284	1981	5974	6127	7849	3154	5344	8854	7330
913	4997	6764	6380	5141	7401	6143	7262	12615	9142
1144	4012	3883	3482	3707	2740	8521	4910	9892	10085
1486	2548	2925	3022	2075	4153	9004	4936	8573	8736
346	1171	2777	5734	3210	6288	6803	7765	4424	11328
836	1107	3091	6171	5198	6426	6279	8418	11434	20352
1188	1441	3933	2515	1607	6613	4185	5875	6926	11777
1860	2610	3873	5054	8356	5834	10809	5980	9124	8968
1392	6077	3522	3903	10526	4275	3643	9403	11907	11056
2101	3487	1955	7556	5280	2821	6279	6676	10463	9092
837	1449	5030	4554	2452	5819	14272	7164	10533	8501
1345	3738	4090	2164	6384	4956	9075	4658	6603	7926
1180	1107	1959	5289	3081	5884	3999	6043	6939	6541
1111	938	3426	2575	3512	3961	5012	11067	9985	13857
3111	2794	4644	7527	2066	5306	7184	5475	7523	11860
2142	1727	2524	2678	3625	5332	9934	6943	5274	10574
1161	2701	6254	4329	3759	6143	7997	12896	8706	11229
1738	2246	3549	5439	7854	4942	6212	1379	6909	11529
1327	3388	10497	1632	6713	5599	5010	3241	22138	8554
1122	3373	4818	3627	2854	5572	3985	30306	7967	13960
1531	3264	4884	3691	4521	8015	4761	3899	7012	6689
2323	335	2614	8993	4774	2823	14066	7017	5202	11237
2034	4525	4463	4199	3097	3986	10744	3049	9206	8758
1032	1550	2615	3959	3602	6331	2818	6333	10527	9021
489	2956	4745	1551	3689	5439	8633	7110	4286	14114
311	2199	3480	5757	7530	5924	4550	6720	9911	7952
3369	2677	3373	4549	4757	4827	22235	9916	11696	11908
411	1377	2432	2874	13024	2458	5725	12143	9114	14497
1178	2676	3666	1920	10701	10224	7921	8274	3498	4197
2175	1978	5757	6299	7222	2925	11423	7502	5591	11307
1004	2557	4301	7265	5586	5596	7301	3205	7515	12309
732	1677	2524	2893	1122	4710	9833	2073	4017	9668
1938	1723	2453	3489	2435	4613	8805	9103	10277	12292
1426	1680	5016	4601	7406	4166	12594	6288	10485	18531
522	2556	3272	4965	3219	5454	8534	7863	5125	3828
1189	2054	4474	5239	4083	5209	8360	6472	13498	6713
896	877	3420	7150	2798	2413	3195	3793	3977	9139
1842	2194	3796	2731	4377	8135	6765	6917	11481	11780
1712	2453	4744	5103	5955	5024	12638	8681	2564	7794
385	2573	3701	5386	5260	4022	3013	7695	5944	11383
1521	7955	3233	6463	3499	8442	6219	5456	25042	12552
1679	2431	2198	2845	15697	5346	5046	10169	4600	7208
1469	2068	3958	7092	5422	5893	5473	8240	6986	24133
1019	1327	2616	3583	5766	3597	4443	12416	3962	4202
647	2842	5390	3440	4844	7879	7188	9043	3586	10798
628	663	3379	6480	3990	6046	7377	9864	4934	11372
1329	2240	3400	3302	3980	4386	9566	10582	6754	6813
1045	1611	3347	6738	5640	18190	8791	11055	8615	9276
778	2124	5434	6477	9380	6298	3693	10055	17575	12042
2169	2815	1968	2774	2829	4035	4858	7202	20225	7853
848	2726	5117	5508	5762	8546	8406	5171	3007	7717
1438	2898	1822	7122	2258	5702	5996	7773	7905	10613
2901	1555	2530	1832	6280	6449	5506	9775	28267	4468
1280	3914	2437	6856	4487	3450	6494	4663	6030	4083
1306	2356	3217	18139	3360	3516	2446	7972	7790	9211
609	1065	7374	4713	5743	6055	7984	10628	5825	24999
1547	1955	5284	4262	6858	5672	5859	24524	7570	4920
419	2888	3629	7660	6325	5167	8137	7600	10229	27571
2292	2757	2723	3360	6460	4343	3957	6589	10391	4693
