1 percent
4558
7952
7860
3875
6335
7990
12184
12184
8026
7954
12491
11460
11076
3380
8025
6487
8343
4975
4835
8346
4873
7859
10803
12493
7916
8367
5644
8116
7981
4413
3318
5420
8293
8057
7978
3338
5079
7960
12214
12457
8323
11320
8208
4365
3334
3422
5812
8304
12395
5310
8321
8019
8284
5218
3373
8072
7957
8044
10715
8014
6557
3388
3335
3344
3414
12099
5769
5087
8131
7112
5596
5775
5923
3322
12177
4056
10945
7994
8195
3339
5152
6499
8324
7894
8030
8298
3416
6055
6477
11247
8108
8325
10715
3534
7866
7883
7978
6732
12423
4860
2 percent
15965
15432
28380
12897
13253
14830
15089
13113
10049
28672
22717
10558
27521
13980
9978
10288
12456
17553
14976
13601
14412
15686
17269
25500
26069
11281
12730
12803
16243
12207
15898
10439
15813
9494
11536
15372
12106
13235
10272
28116
13553
16849
10538
12605
10347
13460
24982
15227
27870
12925
11004
24287
18324
10002
16068
12408
12180
12707
14382
20751
10212
11564
19553
28457
15363
11654
9695
13525
13464
15546
13424
15398
9439
18112
10283
25506
15041
13842
24536
9400
11202
11297
13125
15150
11409
24108
14754
9692
13978
13554
15458
9682
14731
13649
13089
12837
28593
13113
12492
13496
3 percent
24128
23116
21010
34883
36150
34098
16306
18502
16562
35170
31731
23938
24074
24078
15912
19715
36117
17970
16340
17475
31813
18774
36178
36176
15864
23359
18386
29522
24327
16337
35732
18754
35957
23480
22889
22806
17068
24355
24349
19088
18172
19643
35892
27472
30096
15981
23234
17723
23882
23568
17269
15942
19098
35587
29170
23979
20621
23981
16935
31411
24355
25378
28988
35188
35837
24029
24065
35737
23352
24117
36146
22715
23368
35530
18728
23331
21596
24059
23853
36141
19355
23953
18875
21153
36108
17024
35862
21563
16911
35523
29615
20655
35275
15836
19465
19558
35033
21133
33916
17958
4 percent
28947
28576
27924
40702
28401
40934
27523
31842
40755
24140
27614
27807
21015
25922
39198
26605
27611
33187
40582
25503
28594
27537
25544
28973
20698
29677
40423
40723
22093
27791
29535
25619
25589
25182
33127
40109
25772
30141
41028
27782
21609
29415
27522
40580
38025
27436
27616
20450
31881
29561
20546
27433
27611
22516
30204
27775
40808
40578
25322
41161
25961
28926
27613
21497
29600
27773
33980
41175
30991
40637
25852
20518
41063
40275
40632
40705
40557
20391
20823
40996
27517
30097
27588
28644
41120
27610
41171
40602
29540
22993
40600
27605
29226
40622
27576
27514
27537
25679
24560
25642
5 percent
44732
32593
45050
40819
33015
28612
33859
34358
28412
34146
31955
34352
32441
26698
42181
39604
31588
45110
35649
32381
32359
43239
28782
30613
27976
45085
32077
45046
39612
44746
44648
34339
45171
45130
45037
45118
26693
31775
44814
45174
45172
26738
26804
45022
30118
29374
38972
42267
32043
33246
28394
32880
44774
30271
33506
31664
35479
40280
38847
34361
45180
33725
34886
36363
28745
45036
27019
26818
35262
44876
32174
41136
45045
45248
34227
39864
31967
38447
35604
31938
32013
28924
37306
33842
43959
26816
34370
31587
27084
40443
32935
45167
42664
29622
44819
29900
45151
45187
34120
34191
