1 percent
5687
7977
3496
11021
8216
8033
7954
4587
8027
3303
11894
6487
5349
5757
4374
7179
11996
11320
8124
4228
9708
8105
5583
10299
4531
3367
7134
6725
10771
5396
7894
7944
8199
4412
7207
9866
5395
3926
8037
5415
5571
4065
5435
3885
5458
11198
5577
8296
7932
7973
5333
9895
8429
5498
3332
4765
7615
7936
7908
6062
5377
3330
7842
8024
8104
4435
8312
9683
7988
7877
3702
8184
3296
8012
3760
7902
8171
12311
6980
7886
3449
8204
8584
4430
11842
8264
8268
3582
5759
5743
4554
7977
10192
3401
11991
12139
9276
7908
7900
5412
2 percent
13391
14331
14635
14366
9563
12396
13461
15782
15903
18204
14874
13498
10902
10300
15800
12067
11571
9632
14813
10859
13513
11695
15849
13153
15940
14716
24326
10621
13851
9963
15230
15893
11685
10543
10161
28436
13413
14792
24452
10925
13927
13494
14477
9563
11621
19546
14590
20660
10547
13243
12236
12433
23806
11686
12326
14807
13114
13944
28550
15286
14234
13476
13860
24461
12288
12461
13683
14645
14340
15048
28126
18758
12084
14919
28231
27957
9743
10341
12997
10093
10363
11403
10277
11626
22935
15671
9477
27605
28575
15894
11575
28546
15875
15904
19731
13563
28155
13289
14458
28580
3 percent
21078
35485
23838
31041
19389
21670
19549
19234
16844
15871
18859
22989
16470
18009
20870
17991
17323
17161
19616
35141
23271
22761
22535
35354
31643
36122
21269
24216
15607
18734
18717
20833
23191
23064
23460
19214
34921
23978
15368
23198
23433
25428
15848
15732
16783
22942
15411
23174
16539
24242
19542
15512
24353
16986
31462
18294
23427
23469
35614
20242
19368
27065
23292
23318
15823
23097
36068
17197
35045
20449
22563
21228
22519
35053
22769
15418
19527
24314
16746
16049
17263
35560
28951
23969
21201
17988
32406
29742
19246
22992
25158
18214
24160
31114
16848
15414
18089
23053
35978
21510
4 percent
30104
27064
29411
41058
21519
31796
30092
28299
28690
28762
40673
26769
39432
20577
27688
33378
40522
40671
40973
40660
20515
28269
25665
33980
40642
27544
27631
29619
29877
28987
40991
30175
28852
20912
27454
20328
25044
40648
30767
25371
28584
21143
27720
40656
28272
28900
40057
34387
30682
40324
20636
24960
20434
27217
22650
27649
26681
22544
40540
25342
23180
26479
25366
25490
20473
24155
39869
30215
30236
25289
27571
27095
28750
28458
31382
26925
27483
26387
20910
28806
30200
27436
25155
21718
40511
28594
40995
27880
41002
26554
21899
26871
40628
29321
26560
27674
22333
33166
20491
23417
5 percent
45108
28694
34120
29149
42037
34133
34281
32633
34139
26648
28262
27585
29246
36160
29381
31731
32499
27059
28042
32567
42828
28767
27844
33852
31655
28447
30072
44809
32356
26890
32486
34141
26710
45054
34281
45113
44877
27884
45222
30850
45099
30569
45044
34356
27344
31898
44932
34165
31928
45185
44211
44647
31483
32570
45149
33327
44909
30195
45166
38642
33897
34066
29962
45066
45088
35225
27094
31552
33112
32324
31837
45153
36059
31993
34280
31136
44547
31061
33563
44525
28522
43839
43390
34380
42720
38311
32662
33609
29545
30267
45109
45037
42345
31413
31504
26958
26716
44926
28595
34352
