1 NN	2 NN	3 NN	4 NN	5 NN	6 NN	7 NN	8 NN	9 NN	10 NN
5	2	1	0	0	32	220	0	46	157
46	0	4	4	888	870	0	23	0	22
1	2	3	314	0	0	28	184	2	106
2	365	12	15	24	113	18	0	1173	37
115	3	70	16	485	9	0	26	0	238
0	4	6	13	2	22	9	30	125	332
534	8	54	4	138	0	15	5	18	23
14	1	35	78	0	169	0	12	0	630
1	1	11	50	246	13	14	128	49	85
2	8	375	9	4	14	42	19	10	46
0	46	5	24	11	1457	21	57	15	0
1	1	4	244	177	106	1941	2	215	4
5	5	24	348	8	420	34	15	69	93
0	70	5	0	0	6	0	23	161	0
2	0	125	0	0	0	4	96	27	9
0	0	0	403	6	0	18	0	1005	273
0	0	5	103	757	11	0	0	41	94
1	5	12	10	5	28	16	122	220	24
2	0	0	2	30	26	152	5	0	224
195	2	4	3	406	0	79	46	8	87
10	24	21	5	0	244	339	9	98	905
27	3	23	51	212	53	5	1267	445	240
183	0	0	42	0	253	137	360	6	0
0	0	3	94	303	13	4	0	30	74
6	3	0	0	47	131	682	9	6	0
0	3	0	17	6	14	105	85	0	0
5	0	0	221	11	46	9	142	47	54
1	15	5	64	0	0	17	0	0	0
1	0	278	600	44	238	203	52	178	0
1	2	9	430	76	0	0	27	8	106
2	2	2	68	12	39	0	10	21	40
3	30	0	677	29	28	734	427	0	341
57	31	0	34	54	80	0	4	15	0
1	0	89	21	16	47	0	19	0	20
4	0	17	92	0	21	5	0	112	51
3	0	35	15	212	458	121	724	11	16
4	84	14	290	109	181	0	17	116	22
3	3	3	3	102	0	5	714	99	0
1	208	7	150	0	28	5	82	0	8
78	0	0	2	7	27	0	67	15	82
2	5	6	3	98	32	0	0	0	0
4	0	84	11	9	14	231	22	0	25
2	0	0	37	91	0	32	31	399	0
17	14	135	83	219	35	104	77	0	126
0	6	0	96	0	0	120	949	216	7
0	132	6	0	0	8	203	0	268	2
1	155	1	0	0	16	54	0	56	30
12	2	5	6	26	277	89	9	0	7
1	0	2	191	0	14	0	30	38	37
0	197	49	1089	0	20	0	0	120	5
176	0	64	4	28	31	38	0	0	15
1	27	44	0	27	18	18	56	33	79
0	2	0	478	13	0	508	227	7	16
1	11	7	5	19	12	0	1527	0	0
0	22	0	92	0	6	166	27	0	64
2	12	17	12	58	610	10	68	330	0
2	2	3	3	0	13	92	33	0	88
0	3	7	5	5	0	31	0	77	196
31	2	8	197	42	1262	70	131	0	0
1	0	3	0	344	0	390	0	103	0
4	4	2	28	4	76	11	43	172	29
52	0	2	16	5	21	26	0	66	31
1	47	0	0	0	617	0	86	180	0
1	0	202	0	10	140	1259	13	0	280
4	2	33	719	4	6	51	0	426	185
0	9	7	1	8	5	11	3	18	231
1	1	17	4	87	324	14	100	25	0
3	2	0	17	110	150	285	20	26	75
1	2	0	4	46	8	14	0	190	17
5	2	334	7	0	2	397	0	37	27
7	0	3	0	15	8	0	14	2617	67
34	1	0	0	103	87	10	3	11	80
1	58	75	5	12	7	0	81	15	0
1	4	49	89	0	30	2	44	21	0
0	626	0	30	6	16	37	109	0	0
115	24	5	0	0	5	26	37	14	129
0	21	0	8	0	260	240	6	25	22
76	0	57	155	21	95	254	10	406	15
103	56	6	8	464	2	7	0	306	0
0	1	10	13	0	30	0	0	1491	13
1	0	26	8	86	0	166	0	462	117
148	6	483	12	0	11	52	19	48	8
3	6	99	318	13	4	22	386	212	0
19	0	12	0	3	106	13	2	28	132
0	2	6	0	0	0	41	458	41	11
0	3	0	4	7	116	81	93	56	65
0	12	117	12	171	0	11	37	7	34
20	6	0	8	0	0	229	7	0	0
1	155	0	67	7	13	0	7	0	0
1	2	6	0	0	0	81	0	788	427
4	23	23	40	6	188	0	0	0	0
760	0	0	21	13	4	15	0	216	10
0	67	0	90	0	24	5	5	0	91
34	19	2	16	4	0	969	10	6	29
1	2	3	0	139	40	57	0	0	136
1	2	14	224	71	1532	15	10	0	60
0	1	5	75	2	7	26	7	14	5
3	115	1	5	0	3	19	10	36	18
21	132	92	19	6	6	47	0	0	90
137	0	558	31	13	131	14	0	241	5
146	0	0	0	0	26	9	183	0	0
1	11	0	0	32	6	17	107	7	15
1	1	2	0	0	0	83	1114	105	417
4	1	82	5	0	0	3	83	149	0
1	2	4	102	26	12	6	0	0	97
1	0	4	100	35	0	9	0	319	175
2	10	5	17	75	4	139	388	0	0
0	11	56	0	403	0	17	270	35	12
109	7	0	0	43	15	23	2	19	288
30	0	0	0	4	204	85	7	10	90
0	4	2	14	0	39	49	0	664	0
1	1	0	0	6	13	539	79	30	845
17	7	69	5	44	5	11	0	5	2513
26	12	0	26	0	0	4	573	62	116
1	0	56	225	27	51	192	114	363	121
15	0	10	12	44	18	2	0	40	69
0	2	8	0	0	21	0	349	89	1691
3	0	3	3	0	270	55	118	144	70
2	2	87	27	13	0	453	73	65	0
120	914	6	26	99	0	0	0	218	31
39	1	0	4	0	13	20	1	11	9
13	0	6	4	3	0	11	29	0	0
4	5	2	22	92	135	65	385	966	182
2	1	4	9	422	206	61	918	0	50
0	7	3	10	1	0	0	1	369	65
1	0	0	144	13	0	6	8	0	1116
1	2	10	14	10	146	0	106	18	10
3	2	36	5	0	0	12	25	43	1272
0	24	3	52	19	54	2	40	279	386
8	244	235	5	52	86	472	164	208	83
3	364	2	481	11	349	108	42	37	31
9	548	0	6	21	46	3	184	376	696
12	48	22	43	6	12	0	34	6	11
13	0	6	40	5	0	8502	1066	194	0
0	0	29	8	42	0	76	6	19	26
0	2	290	3	0	20	0	8	3	26
4	8	41	24	495	14	19	13	0	15
1	16	0	20	0	18	0	1228	4	0
10	0	2	13	0	0	12	13	51	0
0	9	58	5	15	13	13	13	68	0
0	2	5	0	0	14	5	571	282	43
1	47	40	0	202	0	542	166	17	0
1	0	2	2	0	40	259	0	27	6
1	0	0	20	31	16	15	45	436	493
1	48	3	3	9	0	11	114	0	204
6	128	23	7	265	62	13	0	128	0
13	5	5	0	0	0	0	7	160	0
7	19	2	617	17	0	85	287	5	0
10	1	4	218	88	13	56	33	9	16
1	14	13	60	0	758	5	779	9	14
50	2	0	11	16	2	0	229	0	71
0	0	15	20	97	66	368	43	74	19
1	22	0	398	0	7	338	88	29	23
11	4	9	7	33	7	8	6	17	10
94	2	6	70	4	7	1198	25	0	3
0	2	49	2	0	13	0	33	574	0
1	0	23	39	20	498	14	50	16	8
1	8	3	2	285	8	85	22	624	73
1	57	16	210	3	16	1016	0	0	6
1	0	188	35	26	22	0	304	11	179
4	4	5	8	0	10	0	471	0	356
2	2	5	28	7	9	0	193	0	41
70	950	38	7	0	152	24	12	0	20
0	90	2	19	159	390	394	0	0	31
1	6	2	0	4	44	77	0	44	0
7	2	276	5	11	78	0	94	143	5
1	7	16	389	16	89	10	2177	8	406
3	2	35	48	4	77	0	20	19	263
1	93	2	29	7	33	0	594	0	0
0	2	0	82	51	0	1	0	97	0
0	0	0	0	5	5	378	0	0	0
2	2	2	0	7	103	57	15	141	170
1	0	3	6	14	7	33	13	21	73
2	2	0	0	5	0	3	3	45	0
19	2	0	47	1	0	0	19	47	16
1	4	14	131	51	0	19	13	338	80
4	2	73	446	0	228	18	61	136	11
0	1	53	0	7	22	0	42	0	314
2	21	9	9	12	46	0	14	11	0
1	0	1	386	629	0	74	11	20	32
0	268	6	5	13	5	0	40	25	11
0	7	0	7	6	0	85	13	0	13
0	18	0	56	71	0	50	50	0	11
5	5	0	4	180	0	11	0	47	0
1	19	223	0	10	16	4	8	17	13
1	2	131	5	43	0	360	73	0	96
12	2	8	4	214	955	20	628	72	112
1	0	0	13	2	0	1	75	108	67
15	0	0	5	23	0	4	11	13	382
1	7	283	124	0	0	89	0	6	0
1	9	4	0	46	4	1	137	22	9
136	54	0	48	3	0	27	149	9	190
1	161	0	231	3	0	22	108	20	31
1	25	188	0	0	48	196	68	38	13
0	204	26	7	68	13	0	0	261	29
2	3	2	7	0	12	24	0	18	7
9	0	0	37	13	8	0	0	673	29
1	0	156	7	131	16	0	281	105	76
5	0	4	77	29	375	0	182	50	0
0	6	3	48	0	0	153	0	194	92
1	0	0	11	6	339	12	17	0	4
2	589	56	12	14	246	162	10	0	33
1	2	0	50	5	0	21	106	71	241
8	0	0	64	47	0	1125	128	49	382
0	4	0	3	0	0	10	17	61	0
6	1	11	0	9	0	287	0	8	2
0	0	4	0	147	7	0	70	248	2044
64	3	0	0	0	9	111	123	21	0
5	2	4	0	0	23	46	674	0	0
0	5	0	19	0	26	26	130	0	0
1	61	7	0	2	0	0	26	24	6
1	3	0	29	29	0	133	252	0	33
79	0	0	12	8	5	15	0	0	84
7	12	4	0	0	0	527	29	15	288
0	0	2	0	10	26	68	22	3	50
14	27	119	10	67	0	190	180	15	245
13	58	84	4	0	0	27	15	15	242
22	3	0	6	12	0	64	0	58	0
1	6	15	7	2	9	0	10	0	18
22	2	2	78	84	24	21	108	0	258
0	2	36	119	0	1377	0	0	11	957
1	60	3	370	12	35	0	77	62	9874
2	44	0	0	17	16	0	0	297	97
1	0	3	108	9	449	4	204	58	14
3	0	0	18	5	0	7	100	0	4
1	6	66	0	7	0	39	15	123	101
2	10	6	26	203	175	225	93	54	17
1	219	3	0	7	35	12	321	199	278
1	20	0	16	0	11	65	0	34	13
3	17	0	0	342	8	448	0	3	399
0	9	5	87	1042	164	32	351	11	410
5	603	3	85	32	92	0	0	345	0
2	2	0	0	13	0	2	22	159	10
0	22	117	45	126	77	14	0	289	130
0	9	20	7	4	10	0	9	0	16
5	25	0	0	137	0	4	70	0	92
0	1	2	0	21	12	0	19	111	12
490	2	14	2	0	17	4	146	115	291
0	2	1	816	7	25	0	8	17	32
1	3	11	0	304	0	0	36	10	10
1	4	0	4	25	4	20	67	629	629
13	0	4	208	0	0	13	55	0	17
1	0	341	124	20	19	0	0	74	39
1	0	12	18	17	0	8	9	339	0
0	2	115	10	3	13	27	0	461	0
234	3	90	14	95	0	0	104	68	8
62	6	1	83	4	27	0	405	35	167
6	28	6	48	7	82	308	27	8	31
1	461	53	25	151	0	143	61	8	0
1	0	140	13	0	260	6	57	20	641
21	0	9	8	219	9	77	60	8	0
1	0	21	7	117	26	14	0	0	82
11	8	0	14	3	449	20	1	97	25
0	30	42	0	0	102	28	201	0	8
29	8	2	5	6	9	154	30	26	108
0	0	316	9	146	0	23	1149	0	7
1	7	9	4	118	0	7	127	0	20
8	0	11	0	36	7	15	46	0	25
3	49	28	18	12	60	574	312	0	43
3	34	0	174	0	7	11	172	19	971
2	0	0	0	0	135	18	60	0	5
2	13	2	11	5	27	248	70	131	43
0	0	3	0	7	0	255	6	0	3
3	4	0	6	288	295	0	507	65	0
19	0	10	9	0	2	12	91	5	10
1	5	23	0	296	373	33	295	217	1421
1	4	0	8	0	0	97	0	11	0
1	0	4	40	11	0	0	23	323	0
55	42	1056	114	0	107	76	8	0	0
74	0	0	0	15	17	0	12	21	36
1	7	22	10	4	0	434	0	397	0
1	5	0	286	97	164	13	0	0	0
11	0	0	0	15	7	14	0	510	23
0	109	6	14	16	2	11	0	136	0
0	0	0	415	0	36	8	27	6	0
129	3	47	21	29	64	163	55	21	49
0	425	6	8	478	35	20	63	191	80
96	501	7	178	29	26	945	5	0	39
0	23	200	4	6	24	20	282	373	9
1	5	0	136	430	0	0	0	399	812
20	10	5	0	299	0	12	57	33	113
0	23	3	4	4	0	0	7	18	29
0	0	0	83	2	3	0	0	25	34
1	102	331	0	8	0	13	352	24	83
19	2	7	903	233	116	18	0	77	0
1	164	0	7	5	22	102	3	0	139
0	3	0	16	8	79	46	6	23	22
0	3	102	655	10	51	192	0	0	0
0	443	3	406	0	13	6	13	20	65
2	2	47	176	19	0	141	55	329	13
9	3	6	84	2	21	14	12	8	88
1	0	7	31	16	29	124	106	25	61
0	22	40	60	160	657	0	17	0	40
6	117	2	117	102	0	0	26	15	9
1	2	718	0	7	10	19	109	12	0
0	14	12	5	5	378	41	13	0	0
17	80	60	240	35	286	7	64	102	23
1	5	1	234	0	12	6	12	13	0
20	0	7	4	16	4	34	46	0	0
11	1	293	0	0	31	12	10	1	237
1	78	1	0	19	200	5	5	120	7
1	3	0	0	103	21	44	163	46	148
0	807	7	15	0	331	74	203	566	17
2	4	14	16	15	11	40	10	0	0
1	5	5	0	0	35	9	51	40	0
0	3	142	35	0	184	0	101	18	28
2	0	10	0	0	0	112	65	0	305
1	85	5	0	264	0	67	0	11	17
19	43	3	22	44	406	39	3	0	67
0	196	101	12	37	0	6	35	11	8
4	4	5	136	112	0	0	5	0	0
34	43	0	5	0	0	39	45	5	17
0	292	20	12	7	18	45	13	17	15
1	0	3	5	25	0	0	66	87	46
0	0	133	4	2	5	4	0	15	102
5	4	146	14	19	92	10372	71	0	297
24	0	0	6	30	28	0	9	15	400
19	129	0	8	43	39	57	0	3	6
1	2	0	6	8	29	0	64	349	2
1	13	305	0	150	176	0	115	0	109
2	188	15	880	126	21	106	14	311	0
7	2	0	12	165	0	34	41	20	0
4	2	34	5	231	301	9	20	23	96
1	56	0	22	0	15	38	0	33	530
4	4	0	6	0	11	42	120	6	22
0	0	9	2	40	6	174	19	30	27
2	207	6	5	474	0	0	0	10	0
12	2	4	104	0	0	0	10	0	0
149	6	2	6	9	11	170	0	13	0
1	33	6	3	0	5	197	0	0	91
0	0	14	3	0	19	17	33	11	6
1	9	16	0	0	39	7	148	101	0
0	153	494	251	6	0	163	56	0	20
2	93	18	9	26	461	0	10	0	10
0	4	0	0	11	3	137	0	0	211
1	2	18	5	7	0	32	0	25	2842
1	7	0	12	31	6	583	60	5	79
2	1	3	5	236	153	7	48	0	223
0	0	2	4	15	59	0	28	23	42
3	251	3	24	0	3	1214	3	858	21
1	100	44	5	0	0	27	0	0	53
3	5	5	0	13	13	9	0	9	1539
1	153	1016	17	5	20	0	0	132	7
1	1	99	145	22	0	2	45	2	24
126	31	281	5	0	7	7	11	0	0
3	3	1	12	64	3	6	35	0	0
1	56	46	83	9	1	708	6	21	17
0	7	5	118	165	30	76	122	0	57
0	2	0	2	672	0	25	0	64	3
5	0	0	278	9	580	1114	115	42	0
1	0	155	3	309	41	227	8	98	35
11	26	3	0	594	40	15	11	0	25
239	2	0	262	11	255	108	10	59	18
0	0	178	220	60	6	1294	0	20	17
21	0	3	0	61	70	0	141	100	5
0	17	37	13	86	8	11	16	328	0
1	80	97	7	436	0	3	9	7	0
15	0	0	604	124	0	660	0	0	8
30	0	0	14	9	120	392	24	14	21
1	2	0	9	0	5	14	59	112	18
0	433	19	0	17	0	13	5	15	345
7	0	5	26	21	62	0	113	0	82
1	167	245	3	21	31	1232	0	0	239
3	1	9	29	15	47	0	29	19	0
0	67	240	232	47	0	0	13	15	24
0	11	8	0	233	14	21	19	12	917
4	2	6	1305	8	0	213	325	1365	0
157	89	49	6	178	0	291	5	172	32
0	0	42	93	11	0	1245	34	0	0
0	0	83	6	316	115	345	20	0	171
1	13	7	0	14	193	23	0	22	36
1	2	2	397	0	0	235	0	15	75
0	0	0	0	226	53	25	464	1323	39
2	66	4	45	1123	327	0	7	189	22
157	40	192	0	6	33	7	33	200	2
3	0	51	6	6	3	0	33	0	13
2	2	4	261	0	7	0	0	262	24
3	7	2	126	3	542	7	34	122	22
0	106	0	32	18	10	57	10	32	0
153	0	182	154	247	227	29	87	1530	73
1	2	109	0	0	0	248	74	469	115
0	4	438	0	0	15	5	17	0	3
1	0	0	0	11	12	176	10	0	133
0	3	0	5	0	19	9	247	2	0
0	531	3	0	7	0	0	813	1	119
125	1	108	14	0	0	1695	114	20	7
1	2	13	9	13	0	12	77	0	22
1	0	7	5	94	4	81	10	0	125
2	0	207	6	17	0	135	643	9	6
0	6	608	0	44	49	0	0	219	16
79	0	30	315	3	22	0	0	0	0
0	12	4	23	12	292	13	14	182	0
1	29	11	0	0	27	102	209	127	176
38	2	4	0	13	535	41	0	139	870
1	7	157	4	108	0	14	50	5	0
3	125	49	0	40	0	5	114	0	192
1	0	7	83	73	170	17	12	0	270
0	0	0	0	41	4	348	75	8	206
2	0	4	13	7	148	91	61	12	57
2	5	4	1	7	36	0	41	380	97
1	15	0	0	33	128	25	51	8	0
14	96	117	750	0	334	40	30	22	0
0	178	19	11	0	78	0	0	0	483
76	22	64	0	13	0	99	135	66	21
0	13	48	3	8	10	9	0	171	0
54	2	0	0	116	0	57	12	4	15
121	3	58	5	197	58	16	16	172	0
2	510	12	0	0	538	205	81	6	12
5	33	0	9	12	0	49	0	29	0
8	8	75	4	12	8	71	5	263	9
0	2	19	157	160	256	20	15	1548	12
0	0	4	49	0	37	0	891	7	12
5	1	0	0	7	43	142	0	74	0
0	0	135	0	8	157	0	296	17	139
2	94	0	0	22	95	14	16	0	21
5	0	1	103	195	14	3	358	0	93
1	47	48	10	315	3	207	5	0	548
1	0	3	158	25	1035	302	22	535	0
6	3	116	28	9	59	15	287	45	0
2	5	252	9	0	120	29	596	65	0
106	1	18	65	11	682	17	0	259	0
6	8	7	19	5	23	143	10	29	4
1	6	0	29	2	0	0	6	30	183
1	1	0	0	0	14	11	26	3	113
5	5	0	0	8	431	496	15	0	0
7	13	0	47	96	75	396	34	0	6
426	0	13	25	3	30	26	180	33	33
16	442	4	27	634	0	55	12	182	143
1	0	5	5	6	0	0	11	15	678
350	64	3	2	0	67	0	52	10	19
83	0	6	4	2	26	6	55	11	0
9	12	96	28	13	36	0	13	19	0
9	2	115	31	27	3	254	86	366	17
5	0	0	8	124	41	0	116	15	11
43	33	0	221	304	60	0	17	10	0
0	49	7	7	4	130	80	8	57	0
4	2	0	18	40	88	0	415	42	0
2	2	0	0	23	15	61	425	66	11
0	8	3	18	18	231	140	399	0	158
136	6	0	11	101	18	53	97	322	0
95	0	234	7	90	0	61	164	28	285
38	0	157	8	0	0	96	0	172	312
0	22	0	70	11	91	55	0	99	75
0	0	34	7	8	13	0	13	345	19
9	0	395	1	24	0	9	240	0	4
1	0	8	17	0	0	12	9	0	0
0	4	238	128	0	0	0	126	98	23
15	2	0	39	5	155	0	34	18	6
1	8	197	464	0	16	8	163	160	109
1	14	0	0	256	69	904	0	49	251
1	10	0	13	0	0	0	673	205	12
2	3	5	57	79	701	20	0	313	0
3	5	9	17	14	397	34	204	36	19
1	57	3	15	29	241	40	0	0	1060
0	0	2	0	17	9	0	0	0	0
23	0	4	0	118	11	168	0	71	0
30	132	38	0	0	0	15	34	255	0
0	24	2	8	3	3	0	26	20	21
119	0	125	6	4	7	88	882	0	3
58	2	9	210	430	0	18	24	0	515
1	3	44	0	92	0	0	8	0	0
28	2	0	3	18	58	13	0	13	12
250	251	0	7	0	66	0	7	0	8
7	3	170	5	22	221	21	83	5	12
1	0	34	94	5	0	0	117	236	0
1	5	0	5	8	0	0	6	0	0
4	5	1	5	5	130	0	120	5	8
0	0	1	0	4	0	20	37	65	190
0	0	0	1	15	3	345	64	58	1030
0	22	23	0	61	5	5	12	152	390
0	0	0	90	7	16	0	20	0	0
1	47	8	5	8	23	33	396	0	480
3	0	162	7	0	20	0	1367	23	0
87	0	2	84	0	8	17	0	9	13
1	5	32	4	1019	31	12	0	531	55
2	0	31	2	773	0	102	0	0	0
11	7	7	36	8	28	0	260	63	54
0	3	3	2	0	50	0	13	0	85
86	0	0	254	43	275	0	204	53	10
2	9	10	0	22	0	130	12	39	11
4	2	7	6	98	143	37	4	1159	100
0	3	0	4	9	7	69	10	125	0
1	0	0	2	18	5	43	10	5	0
1	3	6	10	2	1047	83	0	0	11
10	1	103	15	9	0	8	10	0	183
1	0	234	8	0	10	3	0	693	0
2	1	27	4	35	0	178	0	33	54
1	0	51	146	35	78	0	0	0	10
1	0	4	7	43	241	1076	342	182	601
0	101	54	15	16	22	0	0	13	22
0	7	0	12	24	6	436	0	16	12
0	1	3	59	5	0	19	9	0	29
1	3	0	11	15	8	10	0	11	60
0	2	0	0	8	7	179	400	0	0
1	323	0	0	43	4	80	30	61	29
14	2	185	33	5	4	752	60	62	240
0	4	29	9	2	39	3	0	978	0
4	5	4	2	25	67	435	175	0	5
2	0	27	10	0	9	366	245	234	0
96	13	41	8	686	0	72	4	0	32
