0.1 percent	0.2 percent	0.3 percent	0.4 percent	0.5 percent	0.6 percent	0.7 percent	0.8 percent	0.9 percent	1 percent
816	888	3514	2593	3010	3448	3561	4596	5981	4424
731	1157	1728	817	593	4237	3731	5279	6039	5883
1535	1964	3540	4021	41	6406	1923	5379	6782	5805
1194	1501	1464	1136	1749	2961	4344	3069	1427	10452
769	850	886	1262	2651	2566	3834	4797	3920	5776
832	1197	1219	3443	1519	4415	2244	15185	4107	3522
805	775	2679	4170	2735	4496	4576	4400	3828	6070
493	651	1846	4538	2298	3209	4038	7834	2847	1805
1774	1310	1457	3901	5288	4317	3685	2010	3633	6625
315	646	2753	475	1817	3878	2544	1642	7593	7789
1574	944	1827	3215	1951	4297	3030	4032	4435	3471
291	901	6202	1905	3756	4599	1702	6575	4995	4883
1156	667	617	774	2212	8675	6036	5944	6502	8929
357	4546	2518	2509	2550	4667	2167	6558	8217	8101
639	542	1087	8070	8064	4467	7024	4302	5640	6431
4	3492	1066	1663	1253	2377	5214	3966	1388	5240
9	4	1832	2592	1958	1318	2190	3556	5821	5627
206	1268	2169	2770	11484	1583	10968	2639	7604	2510
83	567	2582	17500	1899	3905	2780	3906	5531	4221
1144	1651	1164	1992	632	1707	3837	4623	7293	5528
91	1534	2002	3495	2603	19627	4241	3110	10337	7280
478	942	8485	1812	1691	3580	3376	2287	2153	4061
486	2495	7109	3262	1191	14559	14110	3633	7618	16140
1208	1705	2261	605	5585	2082	5917	5167	4188	3232
680	1630	845	1148	1061	3676	787	4841	7068	8556
27	1201	1585	2190	2972	2962	4549	1561	7819	5601
1189	1112	1406	2161	2887	2945	6492	1728	8796	10429
650	3227	1638	6969	4758	2334	2236	4020	7058	4996
946	310	2480	507	2063	1830	2451	4344	5018	10600
43	2890	1566	16948	1825	3870	3082	3913	3981	4550
383	2588	4615	3776	3453	6817	3706	5040	20055	4753
4	1972	2365	941	5173	2633	6274	4040	1971	4905
49	1332	1623	2223	5224	6484	3569	4480	2129	4849
1254	1377	2018	3105	5328	3353	5071	17945	9857	4335
547	2625	1137	5401	7891	2385	5952	5534	5335	5411
2156	6	1210	2243	2818	1517	7378	6385	4214	4886
173	948	1815	645	2694	3771	5869	5352	3054	4671
1707	1656	1329	99	2100	4124	1972	1957	5821	6593
746	435	1056	2635	4127	4377	4147	12055	5055	3367
1104	2473	415	2469	2946	975	8778	5453	5037	3825
845	1220	956	1923	2106	5432	3782	6449	4194	4810
6	1577	1065	985	2526	2466	8584	10617	3829	5340
315	828	1880	2939	3094	3663	5179	3572	3387	8100
951	1927	2964	2273	2255	736	3825	6005	5387	11956
477	860	2364	328	1833	1658	3027	3776	9321	2374
224	1170	1135	2736	2662	5006	4098	4485	4059	3536
301	474	1721	2155	1378	2660	3409	3263	4292	4916
1695	3492	1059	9524	1849	3365	4383	4906	5068	1550
154	1221	195	6350	1325	3763	5907	1864	3840	8017
55	1649	2232	1621	1651	2586	4616	8842	4029	5812
1287	1350	1917	2331	3093	6419	3154	4516	5706	4298
11	215	2930	684	3883	5694	6440	7992	4768	4036
448	55	2990	2536	1859	5372	4054	3999	2145	11630
740	541	1350	7914	5212	4694	7114	11833	5907	6144
797	752	3316	1996	20471	2537	544	3735	7496	3837
816	2538	1204	8127	3209	3963	3618	5380	2789	19542
8	1322	1576	4159	3357	817	6720	4691	2736	8609
6	2153	1154	2969	3234	4719	6873	3749	7465	3798
558	474	1305	2413	3091	3198	3201	19273	6419	4558
280	1399	1035	6640	7001	3912	2559	2128	3505	8077
203	362	1571	1447	3632	5257	2396	6275	5570	4718
266	2383	1491	2526	2234	4405	3052	2594	5314	8700
2	3974	1398	1904	2367	6136	3558	9057	4588	4405
65	811	1380	2590	4515	6906	2861	6289	8619	9180
375	1550	3758	5100	1071	2163	5657	4312	8171	7912
684	1464	2034	1515	5438	6953	3588	3349	4721	2940
150	2554	6047	709	2998	3758	5375	11610	6553	6861
84	869	661	2144	1955	5398	3404	4528	3929	5478
573	3706	1685	2949	1292	3955	2565	4545	5595	19811
301	2640	2424	1297	2838	1685	2062	5726	5734	3606
9	2490	1487	798	2566	2538	2142	4700	3258	4508
32	1588	1511	1363	4322	2656	3968	1442	5781	5126
586	950	3475	5031	4058	2147	4526	2713	4921	5426
204	1212	2069	1006	1552	7282	9111	3826	7784	4771
969	1390	614	697	1720	3502	2243	8904	11022	2467
2476	2293	24	4511	2869	3802	5787	3436	5783	4792
354	1075	2136	3476	3554	3487	5087	4198	3021	1751
675	230	1697	4253	3233	3159	6959	866	4061	8079
2339	1546	1668	5816	1209	2239	2132	2752	1020	8787
23	944	1625	2078	4128	5330	2371	6667	7137	3691
1225	758	260	3551	1229	5539	2949	4236	5698	2937
427	634	252	6450	2707	1870	6913	3947	7922	2548
400	149	5165	1919	3298	3406	2190	4129	4575	11733
3	1311	3354	2027	1411	3217	1704	3537	4596	3604
200	2308	951	12462	2805	13755	1675	5040	4415	6299
275	661	832	1497	1984	1530	3696	5298	4832	12012
965	1232	3264	90	2641	3312	3629	3338	4588	2090
609	557	4472	4055	1944	1608	5205	2370	4706	3775
621	1625	814	2998	2152	4397	14098	4098	2896	4392
767	1480	2281	3742	3424	4051	2870	7997	2912	4931
683	1338	594	906	4641	3455	1948	4936	10742	6648
846	1253	1936	658	2803	3304	5864	6085	7379	4707
1211	4901	1157	3652	4211	1868	1936	2042	4732	3536
1360	533	3092	28	5794	4236	3897	11741	4344	4734
490	1722	1633	1701	1916	3585	12818	6198	2038	7978
214	228	2399	3608	2808	4818	3630	2013	5815	12773
1680	2863	790	1662	2337	6380	1760	1656	4269	26829
1328	502	756	969	1765	5949	5627	4136	2428	4433
1569	353	1353	2706	2652	5895	2089	2480	4554	2772
1259	1298	1861	385	4778	8835	3802	11555	7778	7245
8	422	2198	646	3780	9816	8102	2686	3635	5963
657	879	1790	3046	5625	4545	4036	2711	6090	3178
1229	117	2470	1796	1173	9834	4664	1469	6158	3451
15	1353	1363	1674	1326	6017	2301	5377	6800	5608
56	943	1644	2663	1386	3093	3564	5429	5766	5968
1164	1743	3444	1596	4331	2483	8111	1157	6255	6931
1582	1239	3019	2333	2281	1035	5829	3342	4431	3912
3432	1548	1043	2378	4180	3471	7341	2725	3257	1889
787	953	945	1498	1570	1313	4633	3998	5993	6841
978	2228	1985	2552	2980	4274	1447	3737	7375	22336
881	176	2385	2424	5455	3317	3085	9189	5934	3456
47	525	4167	4943	747	2366	7587	6359	4841	3094
386	1640	1212	2757	788	1429	3268	2549	4574	5373
872	2116	263	1907	1930	2932	3669	4584	2000	8164
4205	2194	261	2230	4981	6979	3116	5404	7595	4884
429	390	1245	851	1051	1401	4325	4136	2001	3615
409	1097	3027	2755	1912	3384	6196	1502	4539	9799
316	506	1645	2301	716	1725	3441	2712	9472	4840
1604	1018	1236	2313	1669	5657	2808	3791	8217	9000
1429	161	1494	2354	5764	4185	2125	2810	1917	4549
36	1250	2107	1661	3866	4701	3846	5680	21276	5958
1671	1225	1121	1689	2934	11723	1331	10838	7622	7634
980	671	1732	2183	2835	2928	3204	4200	5768	4673
127	20	1151	965	2950	2117	4647	7795	5429	8340
512	894	712	2817	2465	5854	3140	4216	7151	14731
350	1134	1200	4176	3749	1868	4387	4345	7379	6759
250	987	1467	2631	3857	4644	5331	7386	7189	15900
1215	1031	3704	3762	654	3747	4909	4009	5479	5543
274	1531	1348	2399	3434	7930	1001	5044	8413	4674
108	1514	825	2299	2993	2794	1476	2331	5264	6121
720	2232	2117	3811	1199	3262	4392	3190	6474	5422
3	2076	1773	2353	7183	4383	2359	1007	9639	1761
487	2090	1699	1403	5816	4249	4018	6892	4301	2499
92	729	5516	2985	5094	2468	19288	7986	3406	6708
1265	1195	2662	2849	5247	4501	6632	10621	4864	6480
251	1234	4255	2435	5096	7567	2470	2495	9525	3620
769	838	1640	1601	4949	4151	20822	17746	6994	5412
58	159	802	1831	6678	5436	1064	3633	4711	4574
978	557	2399	527	3790	1816	7315	5470	3550	9788
972	3577	1616	3148	4299	1687	13440	3166	3225	3338
13	991	3275	2544	2335	6133	9875	7070	4284	8311
721	1074	0	1720	16585	4804	5652	3261	1459	4141
3	1101	1082	3380	3914	4137	3929	4857	5730	1681
591	1988	1625	2432	2176	1517	3138	4737	3123	7327
3	4435	1233	983	7074	4699	4845	4098	8522	4184
121	669	1727	5621	2542	7303	8713	4220	4147	7489
1011	2511	504	1830	2048	2542	4035	3518	22712	6264
263	441	2278	2482	3442	3403	4921	8873	3967	5066
607	890	1596	1398	3852	2269	2030	3095	4314	8760
762	676	3580	2221	727	1836	4965	8135	4948	3895
3	2205	2181	2704	5369	3563	4427	2777	5148	11680
281	760	2020	4057	5096	2537	3964	2446	10354	8304
139	602	2629	1219	3830	2736	7356	4540	7242	6668
357	616	1543	2843	5178	6881	3335	11449	8309	2213
268	1545	2123	3569	3218	4571	3210	9865	3287	6154
1238	1324	2557	3991	2515	4708	4884	9396	4371	10360
912	21	1091	1132	6835	1907	3539	5580	2790	2838
326	6837	2128	732	2336	4267	6326	3750	12210	3636
1041	1038	727	3991	4275	2653	2067	2848	3529	6684
372	4387	5598	1857	936	4782	3647	3804	5790	2993
730	16	1636	3769	1059	1734	1299	9765	11006	9572
2	461	3200	1284	3874	2260	17332	3286	5895	4701
515	1048	882	3601	1579	2927	5552	2916	5741	3377
548	2521	2743	2017	2550	15820	1654	2045	10243	4616
85	390	4756	4036	1795	2975	1895	5009	6459	3184
1025	574	942	4666	5529	1477	4313	2247	7084	2812
229	1395	1800	1248	3720	3891	2929	4883	2174	4681
749	1019	1594	3083	3117	1004	4939	7205	8524	2833
291	3375	1307	3599	5470	4518	3979	2356	5064	6392
3	1896	3125	1342	2212	5333	1989	5731	2460	6017
634	1872	4812	3024	1043	2873	4272	3615	1531	5041
520	1949	1	2401	5252	8514	3519	1775	11291	2536
5	1873	271	4611	3664	5025	2747	1871	3301	2491
655	5428	802	2852	6111	1468	5481	5038	6229	7496
463	2832	1798	2379	3394	6062	10361	4353	3713	3327
509	292	814	2312	1775	4718	4083	6793	2890	7876
515	1027	0	1302	2669	1751	4489	5856	2225	6931
585	764	17	2551	1688	2268	2513	3560	7814	3150
2027	1031	2568	1759	2863	1651	4819	9216	6785	4168
136	676	894	4404	4710	11426	4623	2967	5884	5408
487	2072	7126	157	2136	2594	9207	4349	2831	5199
1050	1019	1781	2373	2515	4563	3761	25799	5888	4892
59	338	3845	1814	2427	2803	6237	4283	7131	7191
818	879	11672	650	4421	4254	24281	4770	19712	4872
287	14	1382	4475	1326	5825	6823	4734	3085	5791
1142	2291	2305	2346	1964	4193	16356	3287	5006	10702
816	297	874	3518	4156	16819	2995	8008	5288	6659
137	1396	1861	1726	3231	4399	9077	5415	3745	9435
597	1360	1881	155	2293	1493	2488	3153	2407	8691
4	6488	3215	1397	5335	4007	6893	7606	8369	2541
473	1032	3556	1380	3697	11064	3640	4097	3696	15642
861	1226	1465	2570	3061	4058	4663	4832	3903	8660
238	1648	3207	18072	1933	3395	3799	6798	6624	4532
1434	1139	1614	2684	4399	967	2397	7343	2702	3757
1437	949	1415	1772	3458	2014	3362	3074	8587	5295
662	569	1273	2976	7340	3420	9916	4657	3927	6286
9	1146	1767	4322	2904	3549	14125	4876	4090	4854
659	572	2158	639	3781	3566	1378	7335	9546	4681
122	948	3380	1930	3955	4364	6241	7802	5070	4036
407	1819	3080	3492	2297	2339	7552	2233	5874	7245
368	601	2109	3940	2392	2843	4543	2734	2754	1720
234	1984	1116	1267	2253	760	17115	4040	5581	5675
652	452	1425	1683	27	4578	17613	7647	1972	7496
404	1078	2115	4777	5185	1388	3697	5665	3082	6023
380	1252	630	4390	4154	6858	8381	19769	2391	6729
4	1899	3683	1741	5471	1243	3654	3398	2498	5860
540	132	674	3921	2294	3147	2786	4348	10069	8523
88	1069	1385	259	2828	2566	4089	18610	4325	8394
415	1356	1185	1175	7038	1092	2071	5792	3857	4305
456	1850	1666	5577	2975	3590	3533	4265	9800	5366
1198	1553	2418	2503	2804	3375	1938	1835	15557	9982
640	387	7139	3006	4058	6000	3561	2786	16613	5496
388	62	1168	4714	8106	2234	2311	3203	8791	8466
632	765	2276	4581	2987	5823	1237	4309	7428	4061
906	875	1106	1310	2088	1780	7264	2216	5118	3599
522	2400	726	1666	3655	11402	1319	3833	5973	4087
21	877	21	4667	3231	4898	5018	3772	6346	7409
1582	349	2070	1871	1355	3103	2175	4620	2233	5626
35	1529	1255	4020	4440	3252	2522	4518	2374	8060
11	1865	2342	3243	1570	1956	4670	5700	5092	9240
3	993	1967	1738	2562	1200	5111	8121	3064	5482
113	1949	713	1135	4141	1791	3034	22870	3901	3354
514	1915	1900	3362	5420	4188	4382	3564	2429	3179
1210	1278	1469	4198	3499	3340	2614	6906	17979	22252
912	692	1779	3779	3798	1179	4824	5519	3072	4639
716	477	787	692	1938	2172	2376	9377	5935	2407
1040	1149	1494	999	10414	3538	7201	2250	3546	9810
691	2041	2257	4862	2547	1403	3854	5974	6568	5789
487	2207	764	4205	4132	1334	6396	5571	10384	6463
620	1332	4403	2423	4234	6357	5146	3418	8454	8763
715	2698	1286	1173	3762	3118	6944	7719	7359	4832
765	1529	3496	4967	4772	1649	20	4731	8424	3327
2	1322	3891	2614	3268	3866	5604	6766	5389	4520
679	1204	2351	3281	2789	3309	5581	8805	2935	6565
2586	977	3227	1417	2118	4578	5479	7130	3526	8605
623	1681	2275	765	3538	3076	1928	5524	4038	4052
995	556	1337	2708	2593	8088	6272	2832	8126	5400
15	961	2202	4724	3099	3298	3130	5938	2082	7867
1893	779	1148	2353	186	3594	5793	3524	27419	6916
911	695	444	1567	5272	1383	6658	1866	6008	12828
1820	1582	1107	1789	1416	4052	6071	4918	8658	4529
1329	1276	804	2208	488	1862	4267	4447	4825	6945
536	2971	3037	1498	1873	3539	1774	2211	10225	3407
2963	666	3041	1492	896	1433	2227	6061	8506	8169
558	2420	3616	1604	1260	3732	4209	3875	7397	4669
514	525	535	546	2789	3161	2478	4185	7700	4211
429	1536	714	1666	6306	5606	4846	4628	5590	6063
552	1959	10622	2353	3211	4511	3246	3364	4463	5064
415	1205	1391	902	4112	4424	1876	7000	6657	8439
129	1970	0	1423	2437	1886	5614	2441	3781	2601
950	4651	937	413	4269	1932	4647	6623	7411	4211
560	940	1428	1209	4480	1302	4540	7544	5837	2703
579	528	1905	1907	4635	1976	1479	4599	7317	1744
10	1832	1789	1377	1886	6461	3216	5407	2384	5795
78	947	732	2544	4264	1747	2982	4695	8608	3401
183	1651	1923	2048	1124	2872	11335	4176	5752	7367
20	6089	550	1470	2774	3562	7921	5760	3258	2145
1238	3010	2555	3986	6519	14063	4951	5348	9287	7011
628	1976	1765	2545	2220	3023	10314	3759	2329	8770
992	903	2282	3985	4980	3552	6486	4523	12363	6031
8	191	3905	5523	2128	3785	2338	12155	2519	7604
787	962	6080	1247	7526	1364	2370	7664	4588	3024
1297	1160	1127	2388	2143	4317	3618	2383	4342	4945
698	608	4840	402	1880	3283	4297	5466	3293	6121
309	1722	1994	7342	2759	1961	2167	3882	5488	3991
898	832	2335	1680	5116	11632	4553	7702	8181	5504
1526	390	929	4282	1046	2047	5323	2418	6559	10384
368	781	2084	3587	381	5890	14783	5712	5415	2325
1117	1762	2887	3884	2658	3183	2575	6659	11833	3868
1011	1583	1039	3918	1735	2427	6770	5741	3717	5046
512	1054	2806	7506	3586	664	2501	4114	1948	11636
1071	876	1263	497	4803	4252	3421	3971	7795	5635
822	418	948	4321	6492	5494	4640	6988	3666	4470
186	956	1906	2315	2211	6611	2867	4050	2747	5007
119	13	1125	2872	7828	4414	4545	2093	9988	4277
576	343	2639	1313	3111	10124	16106	3302	18248	4528
1275	878	1439	2340	6009	3663	5256	7916	7531	5836
354	707	2302	27	3448	988	1647	6546	3413	8738
724	1281	1898	2326	2836	1251	7449	5845	5520	6250
3629	1177	1167	2878	2667	3242	3226	10670	6051	4831
2140	1984	3152	1569	5645	1940	3345	5007	3483	5305
111	273	1080	3555	3917	2853	3188	4729	1841	3026
2524	1146	3248	3925	2357	2822	4594	4167	2472	4613
429	2236	3369	2290	4746	6696	3665	6449	5109	2709
537	290	3287	1991	2267	2180	4081	4192	6644	10826
776	1560	256	809	3399	3684	2375	7244	4328	9708
805	1226	874	2878	9053	4004	5422	5510	2511	7213
214	1925	3068	17468	3008	2910	4628	6810	7563	3741
196	43	1120	2393	1501	3334	1178	5046	4559	11486
818	3545	1656	1804	2513	4402	5358	3181	6607	11153
675	1909	103	2295	1576	3635	9164	8515	8786	4434
897	503	9928	7790	4144	5290	6399	2895	5105	3453
607	505	1106	3876	11086	7395	6714	4415	6850	3900
444	1910	1092	1551	3613	3643	8188	3641	2706	1338
1	4701	5268	1362	2833	2683	4120	5861	1658	7290
344	1245	1120	2714	1529	4122	5451	5782	1003	6588
1023	313	1218	622	2393	4844	3829	1422	8760	4664
316	1379	1936	2590	4646	8823	2884	3940	6886	8841
836	470	1880	2905	9070	4277	3026	2853	8526	6857
652	42	656	1454	5946	2489	3915	3983	12173	2837
988	1922	247	1190	3829	5128	4281	6349	6725	4335
12	5036	1685	1723	2945	3146	2667	5842	7619	2509
440	2299	2836	2767	14405	1707	4952	1509	6126	5531
353	3061	1334	2774	3053	1921	2719	3343	6378	5863
853	387	1097	2769	5017	7041	1227	1579	5416	9636
762	506	1753	1705	5577	5146	2219	3774	5298	5891
455	486	411	1777	1793	4945	14316	4271	28143	3838
292	3309	1707	3293	3194	2009	14705	3239	6988	8494
116	474	3489	32	5189	2948	5807	3471	4683	3645
227	2291	1027	542	5262	5338	1322	2906	1671	6775
271	473	1256	2253	11202	6165	7301	1393	5282	3805
807	1894	1501	3082	4376	5925	3549	15407	4728	8479
753	989	3869	2592	981	3502	2002	4644	5479	7896
1158	1050	3166	2546	3269	4254	5231	4997	1073	1090
1652	1443	3977	219	3073	4429	4129	6452	3690	7159
442	670	3189	2766	6471	3111	4637	3881	17102	8911
1000	342	1563	11579	4771	3474	4640	4442	4757	6768
24	3023	1553	4496	2495	3449	3782	5528	6383	7542
311	600	1802	921	5272	3662	2697	3897	6709	2379
450	1489	278	3369	207	2919	2815	3945	4775	7238
50	794	2095	2440	3346	1903	5609	3334	6255	8215
1026	515	2159	2352	2064	4968	5443	1197	3857	2334
549	155	2799	4633	2761	4542	6883	2591	6690	8224
49	2057	1752	704	3518	4896	3881	3378	5246	7774
359	1046	2628	5	3488	2474	5662	5342	8899	4588
1859	532	1624	630	3595	4650	6218	2281	3484	2009
38	1259	1247	1233	1368	8220	2294	4072	6466	5055
28	1853	2018	4213	4454	16694	6539	4166	1835	4531
714	2954	1438	12856	3211	3886	3979	4698	7410	6772
676	13	883	8286	273	2070	5436	4044	4518	8406
17	1260	1737	330	5023	3291	4645	5694	10685	6222
851	1966	931	4324	4610	1633	4242	3145	6407	13420
391	2414	2786	1230	4467	3292	5746	2735	7917	4639
266	834	1847	2177	779	1930	5894	25557	3307	4343
416	1564	3547	2309	1852	1261	2678	1788	5389	9281
434	1393	3546	1390	7145	4665	85	9080	4417	8817
386	1672	3411	12317	4577	1528	3866	7250	4663	8986
1099	1222	1769	1567	6812	7	3074	2626	1024	5140
621	226	38	1953	2779	2180	3977	4416	9450	8756
77	1277	559	3045	2442	1623	5782	4947	5499	4186
147	756	5245	818	2435	2027	4485	3751	5423	2601
292	2179	1454	802	2741	4871	7751	6289	5584	7032
484	597	139	2145	1761	3561	4892	2800	5289	4730
96	1038	1036	2892	5131	4014	12105	3665	4803	6625
3624	784	2833	4549	1622	4590	6051	2204	7977	5066
343	1610	1064	2034	4851	1237	4842	4547	3324	5008
290	2269	2200	3448	4941	4495	2231	2501	4558	6024
21	1731	1844	1021	4175	4047	12061	7715	4103	7798
6	2797	1625	3723	3295	3831	3777	5887	3277	14792
763	1491	3853	2661	4069	2376	2989	4081	4502	8270
230	4244	1012	3693	2114	2977	9542	4058	4415	8891
199	3191	1934	4435	3205	2486	3205	1485	3852	6674
1829	13	1483	323	1109	641	5334	4498	8160	19736
194	2078	3018	5188	4276	1978	5361	2226	7184	11597
697	4488	995	3017	2133	4885	3946	5546	6427	2906
270	335	390	2476	2811	5714	4825	7436	4518	7888
690	1411	965	646	3957	3995	3413	3703	1840	5693
173	2204	1956	15525	2343	4271	4361	4612	5201	3812
475	1669	643	3376	2879	2936	3049	2676	7950	7735
896	1305	1461	1456	1054	3831	4170	7065	4743	7370
375	2323	548	2100	1059	402	5971	1935	2950	1748
9	1077	1100	1602	2126	1150	5316	5226	1518	7184
847	309	2555	864	2295	3871	6070	4383	22168	10237
573	1627	1249	2752	1670	1409	3205	16208	2174	6876
436	922	1298	1323	1715	3682	3056	4686	5699	15225
17	1000	1191	4233	12339	1620	3866	30416	8303	2050
42	2109	777	2975	3264	2545	5264	8774	6285	6786
230	1193	921	3640	737	1315	5620	4888	12434	5076
931	7670	1845	3742	2157	3182	2626	4208	3927	5929
21	647	840	5126	2476	14478	4709	4557	3076	15921
871	928	1944	2374	2329	4662	4882	4090	4055	7875
249	528	1824	3645	6360	2030	5636	2270	10340	1638
678	1844	2468	1150	3310	5042	2610	3456	2896	6682
10	866	4858	2816	2913	4665	6265	4377	4815	11931
7	986	3114	2410	2256	3370	5638	5103	4763	5155
412	70	1355	1240	3063	3920	5139	3792	7939	4999
676	524	2832	1716	4504	7898	3185	1820	15515	3585
404	1001	1049	2742	13187	5926	7590	4646	9666	4111
434	1991	1545	2863	3071	2818	3402	3931	5516	4444
498	1727	1625	1188	2204	3419	1824	1069	5838	5388
620	2374	1801	12106	3485	4932	4703	5072	6203	2608
3373	1365	3558	1867	1208	4798	4958	11075	2576	3986
559	1488	3180	1327	4998	3227	3425	2336	2906	11287
1149	1542	1609	1174	5430	2952	1674	3181	2246	3053
598	1338	3230	1596	7652	1566	3196	5581	5350	8600
546	482	2813	1964	1746	2790	2327	9954	9506	6112
617	3659	4778	2362	3107	637	5990	3326	5651	5162
1119	247	896	2511	5718	5417	4127	9348	4934	4204
5	965	555	2084	938	9086	2864	1855	5703	3378
1061	2403	1845	6560	701	14770	2147	6207	13489	5258
679	3938	781	1661	8825	2344	7265	6509	5673	4895
1537	796	956	3014	1646	4110	5987	6362	6533	8022
2771	2229	1702	4410	4542	3629	11037	5312	7040	7214
179	282	3634	2985	3912	2395	4042	3922	4420	6634
2	1375	3169	2571	6783	1576	6093	3481	7682	11711
923	2372	2724	3215	2564	5183	3518	4215	2924	3023
1405	962	1843	640	2343	2313	5113	3954	7040	4479
721	2346	743	2242	1909	548	1032	3080	3987	2840
727	1148	2392	5116	1681	3251	3457	5719	4150	7357
1613	777	799	1692	2447	3093	3255	6924	3049	11258
369	954	2168	5030	1623	1186	2061	2033	4297	3583
338	920	1959	4909	2186	2903	6940	4565	3049	5501
776	793	2809	1862	2885	4347	3289	2271	3301	4546
8	1109	427	1601	3683	8332	1674	1454	6584	2948
70	492	1493	1039	5861	8801	5098	15540	4990	2656
1279	832	1227	2776	6948	2736	5750	10378	7502	5529
1556	41	1288	2324	2088	12984	4768	8654	3575	2908
1073	619	2816	626	7325	3647	8268	4449	2864	7908
1233	151	3772	3542	2352	1088	8008	6584	10415	5214
576	379	4762	1976	4124	4585	3532	1808	8478	2360
2	2589	25	1493	3621	9726	3810	6487	4112	17013
5194	927	3587	9684	2356	6231	5002	5127	13648	4643
1262	1471	1570	2624	4006	4862	1598	9984	3720	7818
1102	691	1596	973	4526	3427	1952	5222	22161	6020
244	793	1989	3853	1392	7900	6650	9473	2390	2622
897	6560	685	288	2071	8743	2318	5234	4259	4967
174	1603	1309	2139	2245	17963	3892	2497	6497	8461
1	709	3454	735	1137	4901	6756	3922	4455	8672
721	766	2974	1757	923	4966	1486	9939	4765	3599
935	320	4506	2715	2664	2362	2652	2264	7304	2980
1215	777	2157	2504	2586	3622	19060	4828	4392	9080
2019	1960	1721	2796	1988	3540	3252	3193	5803	9508
367	1150	3597	2559	3978	3465	4693	7909	6051	3698
1320	773	2433	1474	6413	4628	4245	7959	5143	10182
1187	1151	948	5963	3636	3480	4648	3674	24111	5373
29	830	1867	1698	9689	3058	4346	6329	2905	5056
376	2600	5461	1345	1792	2670	5677	2286	2887	6737
688	612	1412	4058	2253	5039	3301	9087	4487	2610
233	770	1522	1495	1163	9349	4609	7560	7786	4876
49	1019	781	2455	3975	1650	5167	3472	14276	12005
313	1302	1722	3550	2898	1840	1592	6244	11463	3600
790	2233	1354	964	3844	4205	5136	2571	5431	6139
1041	1429	5206	2071	5349	97	3698	2756	5084	7889
419	106	3422	574	3859	2822	1813	5775	7203	10274
332	158	2885	1753	5299	6273	4329	1498	6657	4639
196	746	225	2898	1179	5469	7096	8247	6111	24098
82	896	777	2953	21248	1300	4046	4461	4045	8743
7	959	2828	4010	1840	3442	1198	1266	8381	2691
589	2972	3758	1500	4830	4576	1898	3458	4990	1817
694	2261	178	2008	719	4796	2921	5775	6328	1424
1186	1248	1954	3828	3661	13980	5233	3829	4361	1691
585	2688	2632	1947	2834	4242	9131	4002	10857	3798
2587	773	1254	3412	2734	1538	4515	406	2215	8590
851	2496	2121	1379	8177	23662	3645	3112	11037	3439
3393	1143	302	4567	1838	5093	2539	3069	2681	6341
223	385	2238	1254	4305	1321	4814	3298	1540	2946
1562	807	3780	546	1602	511	3580	3396	3521	17325
872	2358	494	1876	2215	3532	958	4087	4950	3072
529	346	2944	2211	1357	1869	4233	9722	7014	8879
352	604	896	5254	2782	2485	3350	2021	5106	3149
305	630	114	1445	2343	1715	2721	4867	9666	6211
1760	154	1068	2019	2770	2118	7690	6930	9601	8306
6	1070	4320	3358	3741	3194	4599	4547	4177	3256
319	890	6660	2089	2902	2961	3109	8085	3864	2623
828	1249	1276	1549	3910	4820	9509	3355	4052	4122
864	1318	2481	3142	5899	1968	7911	1439	19214	5128
1238	1023	2452	1668	3225	1540	2008	2945	2127	6644
563	1551	1967	1928	4893	2155	3628	12060	3728	4663
911	2030	3877	3234	1887	2003	1103	1370	4713	4684
804	1318	4763	3810	2820	6175	5239	1819	1706	5330
1195	2063	723	3909	3499	3789	1538	11392	7643	9802
972	1080	3185	2152	2529	3340	1641	6012	5275	8828
344	1527	792	1367	3589	6211	9567	7822	5468	3973
192	1844	21	1125	6243	2803	1879	4856	4244	8495
62	1423	808	982	1773	5492	5707	5817	7267	13571
1281	392	1882	8499	782	1420	4732	3687	4202	9387
729	1237	2876	2435	6138	4634	5643	1841	4556	4536
559	191	2648	4047	700	1909	3548	3084	14940	12202
646	1523	1584	1048	3173	7026	3185	3427	5657	4613
1310	2157	3	3724	4090	2789	2599	3462	16828	5301
201	1544	1496	1617	5586	1515	2203	2807	2910	4477
685	2233	2631	2422	1708	2706	6334	9248	4182	5608
464	1975	2760	1774	1847	2596	1809	3532	8552	11431
670	40	1974	1732	3473	913	5102	2752	6616	3598
1565	680	4121	2973	2158	2025	7137	4938	7381	6847
736	1078	1516	4608	3051	3030	6228	7135	2927	5600
379	1742	2475	2024	3110	14851	4337	3576	3811	4083
709	1694	565	1182	1486	4869	5463	4584	5975	6050
629	799	1416	1015	5019	2326	5331	3966	6112	11472
1326	3550	1991	2131	1282	4272	5041	7874	4811	7192
469	530	3177	4327	2419	3046	1997	8688	2811	4538
1122	811	1335	1960	3290	2596	2810	6769	4722	6687
2019	89	1054	3532	1050	2384	5525	4579	3684	2994
1540	768	3606	5823	5235	4895	5232	3932	18351	15015
450	318	568	597	4420	5495	4350	4249	6032	4263
155	141	580	1240	4784	2648	13405	5588	11333	8068
122	1559	60	2357	2588	3646	9102	2801	18452	8785
890	975	1413	4580	3939	2227	2521	4444	13377	4107
269	2823	1299	3061	4003	4268	12151	3866	8970	4898
389	556	265	3142	2853	17375	4420	3656	8173	5376
506	1417	380	3575	4496	4462	8288	3727	6010	5390
91	1560	1079	266	3879	2000	3210	6046	7411	5492
793	312	2987	924	2918	4730	2601	2353	4694	2918
3	2870	8075	832	3190	3010	3489	4218	11384	5380
1211	1238	1941	2513	4573	2118	3002	8032	2077	17146
44	792	672	1267	1585	4082	3933	4639	3432	5818
85	890	608	2440	6763	5632	5545	2136	4721	2561
1488	6576	661	3786	95	1890	9019	6441	4120	10951
203	257	3565	2730	2658	5023	5174	7426	5367	10331
966	268	1807	2065	2758	566	7358	3627	5454	4813
