1 Nearest Neighbor
1
4
3
5
3
2
34
2
2
2
14
4
4
9
1
2
8
7
2
2
1
1
2
1
2
13
1
1
2
4
3
3
1
4
6
5
2
1
4
4
1
4
1
6
6
2
5
2
5
1
32
1
11
7
1
17
1
6
3
21
3
2
13
8
17
6
1
2
2
4
3
5
1
18
1
3
14
1
7
1
8
3
4
1
3
2
4
2
4
5
3
3
12
2
3
1
3
5
1
2
2 Nearest Neighbor
2
5
13
6
4
3
13
6
10
3
14
6
6
8
2
3
6
2
5
1
2
8
4
16
2
2
24
5
5
2
3
17
4
3
32
11
27
24
4
5
4
11
5
3
4
7
13
15
3
7
3
5
7
2
5
9
9
15
4
13
1
4
3
8
6
8
2
5
1
2
6
5
4
5
9
7
3
6
2
8
2
8
2
2
2
7
3
7
11
5
9
2
7
13
5
4
19
4
4
12
3 Nearest Neighbor
6
40
47
14
6
22
9
14
8
3
3
11
7
3
8
14
28
1
10
9
4
14
6
9
4
35
7
6
17
12
26
14
13
10
15
5
6
5
8
6
46
17
24
2
7
12
6
13
6
16
3
15
10
10
12
15
28
6
6
17
2
2
10
11
10
7
3
11
7
4
18
9
9
12
3
2
3
16
12
7
1
6
1
7
2
1
19
29
9
119
7
5
7
5
12
3
5
5
6
9
4 Nearest Neighbor
10
5
12
7
6
4
26
5
15
9
23
7
7
11
12
16
21
19
7
5
9
1
11
2
7
11
12
7
6
77
29
4
4
9
11
18
7
14
20
7
11
11
5
5
21
11
12
18
7
4
14
9
9
2
3
17
17
4
17
14
23
5
5
10
6
21
4
2
3
3
7
5
5
3
21
12
8
4
8
19
14
12
8
11
4
14
3
11
19
8
19
11
16
13
9
5
13
20
7
4
5 Nearest Neighbor
10
22
12
23
10
13
57
21
13
11
13
14
10
8
13
13
14
4
12
20
38
8
16
7
30
9
50
10
13
6
134
22
50
9
72
6
19
11
17
12
14
16
54
27
8
11
7
9
10
13
12
12
11
13
11
46
6
4
1
24
18
10
12
12
25
14
17
16
17
12
23
38
3
21
9
16
32
27
14
11
41
39
3
6
4
27
10
19
18
3
19
11
8
7
12
21
13
10
46
20
6 Nearest Neighbor
14
6
21
20
10
26
7
20
25
13
12
9
21
9
11
110
45
3
54
7
7
8
56
29
25
13
17
22
13
94
5
9
5
12
45
11
10
18
11
12
4
18
22
24
9
4
6
21
11
16
11
60
12
58
13
13
11
17
13
4
11
5
12
17
11
6
30
20
5
45
14
23
8
20
10
39
7
36
12
59
29
75
7
15
65
21
38
38
13
18
6
10
4
11
16
70
24
57
13
14
7 Nearest Neighbor
10
25
24
19
27
4
15
14
8
17
19
23
19
21
20
57
65
22
14
12
27
21
59
10
11
7
4
9
31
22
14
10
97
9
29
16
2
20
6
12
17
49
20
49
3
37
11
9
36
7
38
13
19
14
19
8
25
10
65
20
22
25
23
20
51
11
17
9
7
40
7
11
33
22
23
16
4
20
64
19
7
27
14
15
22
14
3
13
49
13
15
20
12
9
7
13
14
25
30
33
8 Nearest Neighbor
65
83
28
10
3
27
9
22
24
32
16
10
14
10
16
7
12
15
64
14
56
17
8
37
41
24
80
22
11
29
63
13
26
81
43
69
16
12
31
121
29
57
10
14
44
22
24
86
16
6
14
21
20
18
21
40
21
22
19
40
10
11
11
11
20
9
23
29
16
8
19
11
70
6
16
4
21
21
31
14
54
15
19
31
7
24
49
8
15
41
32
34
43
9
5
17
9
14
19
64
9 Nearest Neighbor
20
28
25
14
7
15
30
31
30
14
17
44
35
17
28
39
13
57
29
7
8
8
13
22
29
35
13
10
15
30
42
8
32
9
26
31
19
36
22
34
9
18
14
21
14
23
18
6
11
9
16
102
14
19
2
26
18
20
32
23
11
14
26
23
7
9
6
23
11
23
10
54
24
22
81
6
51
6
37
5
16
10
45
58
24
13
119
22
31
15
12
14
10
39
27
10
39
10
17
16
10 Nearest Neighbor
15
82
24
14
55
10
29
16
33
39
3
25
13
82
24
14
59
65
15
23
47
29
13
16
42
75
29
17
29
11
11
25
13
25
42
40
6
61
14
16
33
40
31
26
21
41
17
34
51
23
14
27
16
18
18
26
58
28
86
8
52
16
68
45
46
77
16
18
24
14
3
41
12
67
20
17
15
27
61
51
40
26
83
21
14
23
54
37
22
9
27
94
16
8
17
38
20
29
13
57
