1 Nearest Neighbor
7
1
1
1
2
5
2
1
1
4
1
3
4
18
1
3
2
5
5
9
2
4
2
1
1
1
1
2
3
6
15
1
1
4
9
8
4
2
3
1
5
5
2
8
1
2
2
1
1
2
4
2
1
3
3
4
1
1
7
2
1
10
2
5
1
2
1
2
14
1
3
8
2
4
1
1
2
1
1
3
1
4
1
3
2
1
4
1
5
13
1
2
1
3
3
1
2
5
2
1
2 Nearest Neighbor
12
4
5
2
9
1
9
3
2
1
1
10
2
13
6
2
23
2
1
5
2
2
5
12
6
3
16
4
5
5
5
9
7
3
4
5
1
2
1
4
1
1
2
5
2
3
3
5
3
26
4
19
9
4
4
2
2
4
5
1
7
3
6
6
3
44
9
6
2
6
5
13
2
33
8
2
2
3
9
1
3
2
2
8
4
3
3
5
4
3
51
10
13
2
9
10
2
6
3
17
3 Nearest Neighbor
7
3
3
6
9
6
1
11
12
3
14
7
11
3
19
7
8
6
8
2
7
4
8
4
10
9
2
12
21
3
2
3
6
7
11
3
3
3
17
13
6
6
5
3
20
2
5
7
20
9
6
15
13
6
3
2
5
7
22
10
13
7
32
9
4
3
6
6
3
3
6
11
1
4
3
4
12
23
4
15
4
8
6
11
15
18
7
6
6
5
3
16
12
7
16
8
13
3
9
5
4 Nearest Neighbor
2
32
9
3
35
5
10
16
7
20
13
14
8
13
7
9
8
17
19
8
7
5
45
3
10
2
21
16
9
8
5
4
13
7
5
4
8
4
16
20
6
14
12
18
8
9
6
13
20
7
10
9
2
3
8
9
6
9
2
7
20
3
4
14
3
14
7
4
9
35
12
59
31
6
19
19
22
10
7
15
6
7
9
3
4
14
13
25
6
8
6
2
10
11
3
9
8
11
11
4
5 Nearest Neighbor
19
62
7
5
14
26
18
1
42
6
12
7
13
13
18
5
10
12
14
18
12
4
5
23
15
14
12
57
8
8
5
18
55
12
10
13
18
46
32
8
40
12
12
7
11
12
9
4
1
19
16
10
14
5
9
27
16
10
34
3
10
2
8
3
5
8
11
22
16
11
6
8
49
11
50
23
30
11
27
22
14
16
8
20
12
3
10
10
10
10
23
3
7
7
5
16
23
15
53
8
6 Nearest Neighbor
30
25
6
12
8
33
7
35
44
10
12
44
20
13
15
28
4
9
17
14
25
29
9
10
1
27
7
5
39
4
31
12
41
6
21
11
2
18
11
9
28
8
6
4
7
7
6
2
20
10
4
6
8
14
17
19
15
12
38
77
21
26
3
25
12
35
7
12
4
15
37
9
5
5
7
23
23
13
13
11
9
13
15
11
7
13
18
23
10
35
8
22
7
8
8
26
6
3
4
12
7 Nearest Neighbor
79
4
15
39
12
11
29
36
11
97
13
14
9
25
24
32
21
29
10
12
6
4
20
25
49
15
47
25
61
17
10
22
12
61
8
12
17
18
23
34
7
10
29
2
24
10
18
38
12
12
5
19
13
6
9
23
37
57
13
13
12
13
23
48
22
12
22
4
12
17
10
16
18
8
24
32
1
34
9
5
7
18
14
27
34
7
26
6
8
65
66
9
50
29
30
24
28
15
11
16
8 Nearest Neighbor
20
23
22
10
12
22
31
5
4
74
20
12
20
13
61
9
64
24
25
26
12
5
21
24
8
14
9
77
6
2
34
18
8
14
12
2
13
17
21
10
6
19
20
33
24
18
26
3
66
10
11
24
19
18
23
23
21
30
33
21
3
20
8
15
33
22
11
33
13
11
20
10
102
14
17
2
58
32
8
15
1
11
12
69
69
9
62
5
15
15
17
11
33
16
14
6
5
17
3
12
9 Nearest Neighbor
37
29
63
29
12
7
12
8
50
34
37
11
12
7
25
23
17
26
20
19
10
13
8
42
16
41
33
5
7
5
13
25
54
9
12
13
70
44
31
9
17
18
38
17
49
24
16
21
21
8
19
5
17
16
21
10
46
24
90
52
79
18
40
22
43
11
3
55
8
12
19
18
4
17
11
13
13
18
22
14
9
16
17
10
20
113
10
46
31
12
28
63
11
37
47
9
38
18
16
18
10 Nearest Neighbor
18
12
11
12
5
14
15
6
31
69
11
72
33
108
39
32
10
17
13
28
18
32
11
20
76
18
15
41
14
7
25
2
45
21
50
7
11
11
50
9
40
18
36
25
71
26
23
20
27
15
6
11
38
48
25
14
23
13
10
15
6
19
30
50
20
21
15
13
17
23
14
14
10
29
15
21
13
15
22
82
16
27
6
12
17
5
25
17
7
53
24
23
15
16
46
11
20
21
20
10
