1 percent
5343
8021
8952
3728
8028
5756
6484
5185
3342
6378
5182
6030
5710
5567
12252
12630
5585
4638
8020
5096
8017
5815
4842
8772
10990
8364
8688
8149
6622
8113
6000
8044
8019
6391
7919
10614
8061
5780
5539
4509
8877
8086
5343
8001
7987
8417
12278
3733
8615
7999
8087
8162
10588
5740
5315
3424
3473
4886
5433
12225
8027
8955
12550
8272
5213
7976
8602
8320
8024
5402
5974
12475
5463
3666
3380
5586
8169
8291
5477
5580
8590
7998
11013
8385
12331
8355
8810
7944
5981
3338
8052
8060
8245
5402
8435
12095
8060
8349
8044
5808
2 percent
27998
15630
18546
14737
13677
14841
12511
14250
27226
28482
13487
13520
24603
9752
14101
13878
28548
15737
15972
14581
18237
11854
10021
10025
14439
24523
15505
28231
12247
15451
10224
11002
15417
11155
11944
13533
15945
15865
13071
9882
11895
16096
14051
11504
15529
28293
14910
11318
10986
14727
11028
13021
28405
9443
9451
15998
27747
12067
10578
10438
11647
12875
15506
15065
13588
13008
10489
21459
14377
13451
10279
18415
14785
10747
28471
13585
15173
25900
14368
14768
15882
19936
28653
21658
16087
25636
11860
20829
15940
9424
15027
13624
16085
14091
25124
19268
10900
28746
24022
16094
3 percent
18814
35014
23376
16299
24403
24372
35105
18341
16978
28820
19958
19600
35017
16695
23952
19980
17713
21656
16165
22454
15709
19072
23043
35504
35090
23065
18627
17002
17107
23825
17406
27405
20049
15440
21207
18039
19508
15815
18890
35674
18914
16222
15470
35996
21364
20461
15507
32375
35653
24336
24271
24071
15444
23291
26043
35761
24826
24314
19417
22867
22442
20091
20455
23923
24108
24269
35747
15678
21614
35084
18883
22488
26607
18825
21598
36134
23355
23864
18301
24108
23750
29414
19385
23467
36147
34860
23047
35213
23509
21424
20164
17662
34761
15881
23990
20921
15810
24393
25168
21005
4 percent
27551
25775
20477
27267
28684
27666
40730
41143
20452
39312
40924
21415
32336
25141
25116
40610
35092
36021
28715
27086
40687
27855
32027
28829
28205
26208
28900
28963
28128
25738
20698
40731
20383
21103
22266
31224
29509
21753
27319
40713
41092
20898
24199
40711
28635
27834
27970
22143
27141
29424
40774
34040
25032
30388
27260
22015
30047
28678
41165
22791
41065
32676
20484
21037
29149
40617
27034
27695
41077
34051
25418
28033
27877
24376
21040
21286
32389
38702
26203
27438
40686
40968
28265
27550
27455
39819
40923
27681
20970
25258
28640
27219
27698
20627
40676
27480
40648
40711
27395
29669
5 percent
29382
27107
28165
34432
35776
43380
29366
29060
45283
26720
45125
26927
31750
44824
28803
28405
26999
32997
34368
27034
27938
45114
42807
45288
34404
26993
26859
32400
28913
34406
27404
42842
30974
41892
28033
27012
32746
45235
31460
34306
42554
33968
34160
45143
32427
45134
45142
45218
45094
45132
35716
26819
29207
32428
33343
31442
43530
43605
44974
30571
31800
45204
31949
28602
44829
30991
29589
27211
44245
30491
44439
35764
44889
28174
44079
42035
30041
45215
36187
26726
38135
36748
32935
26866
40033
27482
31561
44782
31170
45193
43616
27011
45246
34300
31249
45200
32213
45234
45068
29576
