0.01 percent	0.02 percent	0.03 percent	0.04 percent	0.05 percent	0.06 percent	0.07 percent	0.08 percent	0.09 percent	0.1 percent
159	79	309	1196	1078	1652	746	2012	862	1399
283	508	312	390	2014	823	2242	1593	773	843
855	155	588	952	1042	842	770	1195	1362	1482
0	1130	925	1463	610	1655	1752	841	1414	551
271	343	1576	498	763	969	671	529	1274	553
156	971	632	1300	75	651	1174	1870	1440	1745
157	487	1078	1027	882	387	771	1515	728	1055
131	251	673	823	740	1470	725	869	540	1884
228	244	393	1023	793	671	2313	750	820	881
162	808	332	895	491	75	2058	1418	1318	1232
266	461	281	1367	1314	1641	1268	667	1602	155
697	764	1067	1239	867	1219	375	743	958	3934
279	1075	326	556	946	1554	516	659	537	2036
251	1020	809	828	977	917	157	1592	1057	771
539	510	804	668	1002	1201	248	778	1276	940
654	613	332	636	688	2502	1156	395	4652	1299
476	328	372	1008	323	2513	1001	820	545	569
277	0	784	795	569	477	1467	80	1076	1813
524	254	724	572	79	1645	685	1141	1591	1573
356	842	177	417	294	622	1347	823	1102	2373
234	678	478	363	1015	425	1352	0	1173	1045
616	191	1023	478	584	498	1117	1524	3051	2181
322	159	448	336	160	1706	1311	467	680	4645
171	651	1515	369	901	88	1521	459	1134	1790
85	155	306	864	672	1027	1044	1064	1900	875
569	1856	542	408	249	411	1107	248	944	1353
91	498	686	2174	556	365	2692	767	2551	2802
83	298	462	1829	595	375	882	708	2743	1365
237	236	466	0	329	1003	949	899	1257	647
481	548	439	990	610	0	321	880	2003	1080
162	361	392	719	1307	1179	807	1386	802	2047
303	974	1005	781	1263	317	1402	951	812	4469
270	1350	232	646	237	996	1441	579	1388	1113
825	475	897	781	1210	830	1862	1512	1104	1765
394	272	633	994	827	1079	896	836	505	1405
309	507	1071	270	981	1590	402	1254	1278	1876
197	1425	353	452	1167	1406	1678	2149	1058	467
509	353	803	1944	586	482	990	1013	1083	1311
229	788	159	882	1673	2336	766	1408	1837	893
370	345	760	665	949	211	975	443	1603	1654
397	252	773	330	1697	749	905	2343	1925	1299
0	287	399	717	412	896	843	2154	1422	707
80	165	240	1144	674	1215	781	1580	1238	946
467	911	248	1342	366	1007	545	1897	1959	1586
181	813	391	805	466	727	155	4503	2118	2202
1140	752	625	643	1039	632	319	857	1628	1023
393	763	1009	1505	164	1377	934	622	481	2010
811	1011	540	1001	1302	249	1534	646	1920	1441
447	461	644	1400	2921	576	1641	1262	832	1614
266	413	687	1003	298	1290	1456	2073	804	400
236	1089	739	590	676	758	438	702	788	2327
79	391	727	1544	1195	451	1888	922	901	1360
385	1047	2714	419	1034	547	1386	1496	1806	1374
902	483	743	321	713	985	2684	1772	661	414
562	781	515	1720	728	973	1188	1195	239	2040
275	388	692	651	1547	325	1236	1028	2152	1509
365	1101	781	2094	563	314	3407	632	795	3001
80	774	397	406	680	2296	825	383	1763	1699
263	952	564	369	1175	1115	1512	1414	1229	1032
471	771	997	424	317	909	1652	1775	2171	1688
490	221	235	493	1207	753	1469	1239	967	2378
358	365	414	837	797	797	1819	1918	1716	1765
80	1171	976	833	1481	1527	1433	1101	759	1131
168	442	478	489	895	944	1824	1139	3546	1310
161	159	172	1354	857	639	1126	1444	1788	1561
1457	579	465	505	580	1396	695	567	2650	1289
467	738	739	1775	621	1067	316	1787	393	872
900	395	459	583	791	248	2833	2597	1662	299
172	1639	1055	529	912	319	161	1217	1170	401
330	782	705	600	584	851	570	901	233	1981
0	839	167	157	77	830	1129	2563	614	769
676	240	454	968	918	1164	1100	1900	533	1533
157	700	694	441	381	1607	868	2196	1090	733
252	162	567	154	472	1490	486	158	746	2739
545	2730	241	317	519	232	405	642	80	3091
244	681	350	989	1583	997	296	1981	1232	1313
160	345	1928	834	415	1024	609	2067	868	625
150	670	1367	1161	388	470	1290	1411	2048	1405
523	155	306	536	774	528	1209	1418	1212	976
210	174	420	316	575	0	1517	2983	522	868
470	1388	458	791	1055	1211	1109	1830	1233	1275
171	155	687	1232	810	430	1768	1043	1997	2319
629	77	278	862	999	625	1881	1442	1102	768
173	509	916	550	446	885	1595	1053	609	2905
85	398	881	1149	591	1611	1507	1223	1555	545
251	412	1679	840	1604	1361	2545	1044	711	473
346	657	383	1899	1024	747	1196	2418	2190	1506
357	481	528	834	504	1134	620	751	1853	1448
438	242	651	775	519	650	624	1005	330	2284
184	216	986	495	1103	901	860	1355	966	2225
156	414	299	81	308	734	1053	860	1332	2107
315	730	246	946	307	1153	2327	2200	904	1315
253	378	728	434	806	1878	1644	705	1038	1504
2079	1208	1161	923	1052	861	635	537	622	1129
252	264	285	527	695	420	1676	5205	2263	1469
350	321	708	87	724	1233	973	235	0	1256
416	638	736	949	789	401	1991	918	334	1477
847	596	743	935	1061	243	992	1367	2643	538
354	902	875	347	729	927	991	1479	289	357
402	300	1718	916	1251	679	1604	1414	1486	1596
165	0	602	1157	393	1400	834	1493	1823	1207
397	92	1294	1091	950	960	1038	974	1414	1877
77	164	1491	356	563	464	2077	1888	2033	844
247	436	241	243	1386	569	732	2450	1264	1165
362	394	940	271	658	561	1387	1156	2123	1275
560	441	2734	631	1288	836	3644	1035	2570	1150
227	430	984	398	422	883	832	1257	1668	1162
544	411	416	847	1936	243	790	1031	541	1294
246	789	481	460	1079	771	716	661	2391	1353
374	215	544	771	1912	313	858	673	2512	1627
385	1013	397	720	815	567	1200	1233	695	1739
0	509	630	715	1016	593	1657	459	2078	1369
1098	156	993	881	776	1525	804	1489	4754	1245
236	395	235	767	946	905	1293	1080	1109	2467
224	501	464	472	927	0	1041	1638	741	983
465	1234	167	931	644	464	505	1605	1671	1547
200	389	495	578	270	1428	880	947	3296	974
181	681	234	795	675	1215	952	632	2174	2659
391	454	242	560	157	1162	963	160	780	713
1029	940	535	325	571	692	631	502	1085	644
229	298	218	481	309	1054	627	953	2846	332
385	0	659	863	539	2119	1610	852	620	2232
471	330	376	936	1612	514	1013	1271	1654	672
210	598	443	644	837	718	1697	3400	2221	1264
1129	315	976	702	446	1365	557	1664	1915	842
265	322	425	1630	0	1072	1391	1060	2550	1429
476	494	1033	1238	1553	397	2765	1250	1097	1707
90	157	508	275	644	1440	1693	744	2256	1316
824	1018	726	704	621	734	2467	1859	1397	327
835	1471	338	1316	851	675	1054	1230	2751	2070
504	906	934	488	1011	597	864	1854	738	896
210	340	753	614	1141	1720	952	983	378	1380
78	253	1433	1145	1320	919	661	1823	1132	942
256	1739	792	1013	624	1269	420	1182	1460	1109
570	464	443	343	798	1788	554	552	1409	1357
405	719	976	863	763	952	1770	1619	2323	3180
223	486	698	1099	1003	775	1106	1645	2087	1414
609	266	944	863	367	2711	1217	1052	868	1246
516	264	668	606	1898	648	1652	1741	1318	1247
183	588	983	1338	630	3278	1246	1746	928	1227
197	250	77	1417	325	1299	737	1507	674	857
322	368	1757	730	562	437	2147	1027	1560	1291
1011	703	964	345	825	1589	686	2749	973	1546
250	398	453	177	969	1601	1599	1076	702	1679
230	260	803	813	788	737	484	786	999	1506
306	690	938	828	911	1230	1321	871	1427	1462
557	1023	801	810	531	772	757	1320	1948	1105
323	268	372	670	998	1030	1452	300	898	702
243	103	674	917	1193	874	921	1356	1487	458
293	214	805	325	1213	1348	746	917	1268	789
78	350	787	166	617	1364	1227	564	1821	1460
431	78	165	1554	616	928	799	878	708	1481
155	631	918	569	989	157	1694	782	1381	708
0	341	989	432	744	387	555	603	1483	1879
485	1010	1012	1007	1046	1578	467	2513	244	1608
492	547	1309	1157	1365	243	888	3340	548	1427
165	311	1247	1136	2616	753	494	467	324	814
364	1126	287	395	1072	609	1927	771	610	4816
312	419	515	722	318	1364	3178	550	953	1586
542	261	424	1488	389	982	1311	539	1824	3418
1199	572	480	464	705	1622	1597	947	996	575
76	868	924	599	1033	1781	608	523	1433	1497
181	340	486	1260	789	578	1002	1030	295	1758
390	405	667	1661	890	1152	924	1174	2212	1579
664	159	680	443	621	1597	551	851	603	1346
282	490	707	578	633	1144	1591	312	1294	626
237	966	228	737	243	1345	1422	1498	1309	2254
403	438	2063	956	763	762	1402	863	2745	1072
76	551	551	974	813	744	1291	623	1613	1274
258	811	161	809	737	1096	479	844	1011	1090
235	802	495	907	1189	1327	738	1156	2260	1108
0	416	791	611	1701	319	925	2311	1194	1091
354	452	470	1028	1773	832	1820	1965	381	1984
533	77	494	1938	2244	1813	233	1022	1407	2032
116	877	309	235	608	527	441	1915	578	2984
82	820	163	430	2677	745	1315	5475	2011	1075
300	509	173	1569	605	683	1021	1099	1320	1323
405	512	1329	671	1542	3018	772	1540	1025	1015
339	1040	499	75	1198	1343	1473	752	1100	772
512	599	527	577	1112	583	946	1001	1204	2522
164	353	592	641	236	3670	625	622	452	1668
233	1156	1542	589	362	1100	1039	2606	1620	1057
384	866	77	1458	1426	883	650	643	1247	2312
115	372	0	1535	411	763	1113	731	5058	1218
268	164	1492	405	976	976	762	1387	3019	1380
188	317	1705	271	456	1176	1959	702	2183	808
425	989	741	862	1147	236	1195	579	918	1406
360	1161	651	1350	983	467	1931	679	306	3581
430	219	471	1666	959	804	1336	1291	1104	1632
1729	335	310	793	283	939	875	319	1030	1059
487	520	392	498	1123	957	1842	2681	863	2712
162	722	579	410	641	1623	1397	1123	523	1292
562	233	306	249	316	879	165	864	1355	1268
729	190	399	1223	747	1623	1201	2917	1498	880
1036	432	512	1375	961	844	467	663	1184	903
413	490	222	214	750	1112	895	791	347	1454
328	705	759	1742	554	247	1531	739	1805	1797
165	549	391	0	1896	433	1373	1684	789	1231
285	701	307	782	750	1046	1437	1542	1512	952
79	942	798	625	1098	980	1051	1912	1704	2272
244	525	1383	1146	1118	679	328	695	666	1296
639	634	1133	3009	1425	1001	313	1053	1827	726
223	930	934	446	1652	712	387	2069	1023	1439
714	309	945	155	1120	1249	1225	2016	977	1150
279	494	536	707	622	527	1955	2354	915	2739
658	953	874	809	638	961	949	316	1257	2135
998	155	429	1989	984	698	166	1118	1560	868
157	394	608	576	1109	157	351	1139	6388	1632
681	324	290	250	822	620	313	903	760	1513
497	534	321	595	270	1161	441	2165	956	1634
439	641	826	528	669	329	688	1525	1523	1080
535	443	745	1013	806	2190	774	1372	2063	2659
342	218	837	1005	816	485	1910	337	1268	391
258	197	383	1298	514	816	575	1186	774	1258
388	465	279	425	2017	576	702	1146	1381	1810
391	0	644	611	1025	247	1356	569	1531	1185
165	1000	297	713	1437	319	1327	482	1782	1421
440	243	159	1427	968	1175	1832	577	645	835
492	571	309	662	1027	1471	996	1480	3642	2036
0	296	364	546	527	895	2051	811	728	2062
353	398	1067	784	1280	1271	802	922	569	2045
238	842	1208	513	587	325	363	1452	1769	624
164	451	458	817	649	772	461	1771	1355	327
590	889	290	219	730	964	238	1623	1060	1374
438	312	805	927	610	929	468	1299	296	3436
88	717	315	596	546	1212	1034	175	662	1896
1095	1500	647	487	1019	1034	1677	6156	1861	1286
182	483	534	679	1076	785	290	328	1281	1951
505	1018	480	985	921	1131	1425	914	1212	235
341	83	413	1089	1764	1168	237	1541	1476	1014
262	186	247	1221	919	653	1572	1419	1374	2218
228	1071	630	1230	747	876	625	1394	1454	1712
0	400	143	358	807	955	694	5888	1029	1502
428	219	285	1088	244	1293	1067	1167	1180	1515
282	975	992	1006	596	2702	1001	948	478	1212
123	399	470	1053	624	833	1206	1052	435	1420
443	220	1020	409	882	1376	1135	2559	2394	1169
533	460	365	690	970	79	1113	678	3195	1064
340	380	489	2141	1128	1594	1493	911	1440	811
0	0	557	1291	507	1585	1014	1113	2656	946
632	197	430	343	1615	156	1472	1684	1053	1367
155	399	788	694	1109	2683	515	574	1566	1573
569	491	475	792	802	1081	906	1839	1159	1992
0	759	157	403	311	235	1610	1231	2128	1562
93	250	260	2385	312	1221	762	1191	1331	1644
549	234	678	229	1055	414	858	1068	1651	2065
115	419	445	551	770	1257	685	905	2044	2074
165	81	3206	428	946	634	459	1230	901	949
82	191	417	695	1014	1542	1082	1047	1322	551
730	586	234	414	644	633	730	1165	1739	923
165	501	774	317	1012	636	1607	2831	1385	1721
156	409	527	1011	163	345	916	1713	589	2912
721	305	551	927	636	1691	1256	1206	2028	666
691	1336	334	1557	1086	601	2541	1470	1538	1928
289	266	1184	870	602	306	780	438	1415	1666
466	1374	276	714	229	395	405	270	806	365
433	718	885	797	744	1303	219	1171	2414	1114
457	534	365	313	759	690	1426	628	382	1713
0	165	372	575	697	927	524	0	862	865
93	360	611	1697	939	477	1042	1104	1156	1803
540	834	664	1429	814	866	1843	1208	1836	941
211	563	324	1395	1136	726	879	1608	771	338
288	0	808	486	392	1724	1509	1193	745	1135
662	398	2480	893	541	1214	1618	1849	1474	1598
467	258	411	1062	810	784	1503	472	1125	3661
80	726	746	989	377	583	1437	1542	454	701
462	296	695	636	1400	1311	849	1756	2152	883
155	887	876	470	782	758	1586	953	1174	968
677	465	794	256	3662	933	79	888	1187	948
233	1078	1107	162	1179	434	2181	299	1034	1142
168	742	914	1322	575	1340	812	1233	1067	1353
402	681	159	988	1114	747	548	484	2053	1152
150	387	952	79	991	1278	1346	934	811	1887
382	1078	460	529	656	638	621	1565	707	1144
2041	369	218	236	791	757	776	1044	1330	2345
0	1177	328	1186	1714	255	3767	1026	3052	1443
391	321	0	913	1305	972	747	1550	1198	662
477	837	2878	1258	0	1119	1011	2005	1018	3095
191	602	1066	777	683	1003	2113	1628	316	887
312	462	0	441	1124	2778	750	828	519	1237
235	1141	558	317	308	0	1853	1327	1421	1767
234	301	803	464	298	1306	658	117	1388	1861
759	156	554	219	1199	1284	649	1849	1530	1168
83	1394	1400	248	543	1974	1074	830	834	1196
814	509	834	848	693	271	1554	788	1923	2367
872	567	172	612	1134	767	1237	848	1537	915
591	266	611	3346	933	328	1108	1553	1254	1916
300	555	611	1315	492	785	687	526	1010	1240
0	1550	404	960	512	153	329	1292	1907	2817
221	417	938	80	960	2826	1287	1441	526	1891
0	1002	1566	406	1877	719	926	2400	374	619
513	543	669	631	249	577	1757	1503	1327	1692
792	715	746	1109	1510	539	794	319	890	1782
528	520	881	431	195	1678	495	404	2720	1257
499	172	1195	1561	746	1596	968	467	1030	1568
350	713	83	77	1301	1103	1359	1778	1013	214
320	918	532	698	404	1368	534	1693	1254	997
395	1018	478	680	695	1084	1103	832	1509	976
324	1572	575	639	661	1876	845	1530	2785	1623
361	568	1250	420	800	1274	944	1549	896	1024
84	751	598	316	348	1317	466	1305	2383	1003
257	462	977	381	788	1473	1109	969	898	1340
387	383	1322	265	983	304	1459	1689	1020	1897
681	529	1893	880	842	1196	931	1408	601	408
438	735	396	354	1159	1468	1142	688	1888	1859
255	188	1150	1107	1067	1048	860	2462	1367	1352
193	864	889	1301	628	1622	513	299	774	2405
81	325	529	97	741	1375	77	1280	464	1741
201	85	263	235	1021	714	666	1582	752	1280
173	544	294	801	837	619	540	1523	1604	627
326	528	672	276	315	398	974	1070	1725	772
783	887	840	681	729	783	3295	1102	1387	1611
0	839	841	1032	1502	1145	1384	856	995	1352
467	592	697	1400	449	532	1297	2491	1011	845
177	261	649	553	815	872	1394	1220	650	0
310	1012	1019	766	771	1205	1371	1111	2508	1361
156	239	1118	175	1419	810	878	2683	1851	1510
308	699	804	658	1552	822	2335	860	1169	2010
232	357	615	470	919	724	1016	365	765	345
236	252	475	388	155	1175	964	1499	1304	1204
397	546	2060	953	482	1269	1203	1123	1230	1700
417	352	238	750	642	1577	969	674	1298	1418
196	341	839	183	948	1402	1137	1637	1541	1166
666	573	568	1011	744	2113	1150	760	1452	1988
76	971	875	1037	936	631	677	807	1358	481
911	372	2641	931	712	597	3182	697	1435	2118
476	325	1063	1129	519	313	884	1133	1812	884
427	1991	1485	975	239	780	1236	1940	239	994
257	332	235	393	77	79	459	1194	1265	386
384	170	954	421	894	2808	2042	636	1534	737
115	672	1114	160	658	819	1313	1082	2802	1177
235	447	502	0	2237	240	1240	1438	1430	996
175	254	807	721	1052	607	78	455	1678	1382
348	542	1545	772	1105	829	1183	2103	1281	1495
447	278	217	339	365	1152	867	955	252	1256
161	231	815	543	484	555	1201	771	5149	1209
245	1538	668	755	994	1286	1149	1304	1315	538
268	427	2147	235	932	998	838	1484	1243	1149
77	1020	1168	544	1404	904	1075	1009	973	4288
277	916	580	485	1165	1161	1119	2543	1017	1647
90	130	741	606	1182	566	1087	159	1080	1302
153	607	446	1302	1122	712	1517	631	2089	1400
298	499	662	252	472	544	842	1975	1324	463
505	695	634	925	683	1625	5743	1253	961	2014
299	237	81	411	1225	1804	1686	989	1214	1078
364	458	350	632	991	77	835	451	1672	1685
305	472	251	1409	943	672	1452	2158	1748	1683
1080	0	152	816	765	977	794	1331	1455	643
325	497	813	2102	1146	1453	1518	1299	407	3200
575	501	553	1291	1149	1083	714	1158	805	1186
319	548	159	1594	1175	1641	618	1322	804	1370
717	249	1088	1281	947	1542	1577	875	1501	957
112	792	549	342	1282	1267	678	830	652	3065
169	248	385	1174	623	1369	291	965	878	1339
343	820	295	1114	776	944	1414	559	1042	1769
676	243	883	767	759	2688	509	309	825	1687
76	656	1018	624	1214	219	156	1452	685	274
672	408	924	394	2277	1143	1248	798	615	3075
115	973	929	1113	1840	869	162	1931	538	900
354	340	858	216	1277	1094	464	1327	2221	787
502	620	591	1235	2050	452	2736	1189	1177	866
265	1274	362	585	1083	1869	1871	300	1644	1405
180	394	176	922	882	797	1593	929	1737	987
389	588	1230	514	384	525	561	863	1462	1343
340	243	0	969	609	891	1241	1789	1657	2032
305	523	302	509	408	603	309	721	2316	1532
497	172	155	623	952	1158	5939	1664	2001	1065
402	286	1746	240	1506	717	961	5445	1783	2639
381	754	547	699	511	408	1598	462	484	705
0	385	457	2824	2175	575	577	318	1214	4133
0	641	573	2410	1143	889	1496	1256	413	488
205	80	514	570	820	760	1599	1639	174	1631
162	391	843	391	524	761	1039	1038	799	510
404	995	861	1467	740	1056	896	1646	2088	2013
308	196	789	881	636	796	2441	2075	6120	402
165	505	462	806	465	1404	1034	1512	916	912
238	876	490	1988	752	235	2432	1965	1684	1168
255	665	417	872	1957	1177	93	1578	471	1556
410	1123	553	704	641	3075	937	1138	2125	1900
155	322	1301	155	1504	542	1267	741	1741	1268
387	160	454	637	1052	1916	1492	1420	511	2140
0	369	241	836	537	2436	1210	707	1684	1044
160	609	191	898	928	774	861	926	1235	1272
346	527	837	316	904	760	1621	1082	2264	312
704	549	851	696	254	759	2776	2348	2226	516
143	315	164	552	2695	1626	733	1820	0	1703
482	596	532	579	904	291	630	761	770	656
240	480	666	1004	524	837	331	1646	1756	668
307	1137	156	75	917	396	244	770	2203	1821
538	439	761	1194	594	1397	1881	1230	844	740
291	587	436	249	1275	652	1873	1130	1897	1357
473	686	826	425	6930	1027	1509	1851	1783	1231
462	451	366	722	1476	392	1032	1100	238	2023
252	592	918	1127	1139	741	965	623	1169	1359
240	115	610	397	1172	777	1426	919	1761	539
76	310	253	876	487	1437	787	880	776	1506
247	236	324	886	1165	1409	1443	692	944	944
392	802	881	645	478	662	1040	721	501	1537
640	635	342	941	241	1121	2740	1669	1439	1210
895	1343	470	1891	3126	612	1125	956	1260	2898
440	250	165	618	1383	1330	696	1270	2896	2053
168	304	376	307	2090	512	634	959	676	1413
505	159	412	540	1796	792	1296	2175	1278	6655
169	422	904	555	2140	790	695	1636	1454	349
678	745	777	200	887	588	1457	631	1017	821
371	948	406	910	1351	831	430	289	1524	1789
531	157	796	1105	642	758	1235	1286	1392	992
712	261	453	386	3573	717	947	1001	1670	1791
672	642	679	712	314	1383	411	2530	3856	1105
131	399	570	643	726	699	746	2074	1118	1752
411	773	75	592	1122	80	2389	75	311	1860
357	407	588	355	1495	1932	1356	1078	2304	1865
315	224	332	706	738	1197	701	1640	1090	1273
142	650	2339	402	1007	528	3365	458	964	802
440	1111	485	1299	494	1200	1848	2290	1810	1031
416	392	171	494	944	1107	1188	597	958	1405
78	382	463	76	985	1169	971	886	1202	805
161	860	380	1030	780	719	693	1387	1454	1126
479	201	1305	1256	643	1450	646	316	389	776
297	97	990	742	1235	709	475	1138	477	696
338	297	1751	1634	317	777	845	1284	1452	1844
467	1271	879	312	891	3011	609	2741	819	1241
563	519	680	1229	1142	1251	1697	1269	1186	1178
464	377	388	1698	1255	1771	784	945	2469	970
523	285	611	1000	623	1300	799	1092	1723	1271
77	947	1608	275	533	459	1630	537	627	2303
161	389	509	1101	529	1852	1231	777	1909	793
259	814	424	1142	1560	312	1200	325	463	2075
761	0	673	1585	1630	484	1575	1979	692	6335
181	1434	317	470	603	348	451	653	634	920
231	943	159	388	788	1406	1238	1470	1965	2878
327	510	0	975	1655	1186	1098	3257	1277	3323
432	75	478	1189	408	1075	1776	1869	469	75
230	878	276	724	1036	969	1076	1517	528	2056
240	498	817	860	753	1065	1677	1422	1313	1062
438	166	964	299	1022	1418	498	1989	2282	1173
759	159	159	757	566	258	1043	1376	1663	1115
87	167	703	739	468	2734	821	830	2362	1566
687	272	1151	1021	812	1024	2418	2381	1594	2901
234	285	1324	1313	812	661	543	337	1640	535
649	512	1271	862	76	1159	312	1029	2563	2107
426	742	328	771	1288	466	628	867	2872	1254
574	1000	427	806	390	739	1419	865	1092	1332
411	1967	805	0	844	768	1470	469	962	1496
159	77	389	171	886	879	1208	651	614	739
369	313	517	667	982	332	788	1503	2102	1017
223	256	367	843	1022	2196	1086	1780	1840	2161
390	901	841	268	739	1047	1317	596	649	777
590	361	584	1669	1919	337	1249	781	737	2552
161	706	345	554	166	546	1475	1301	1210	1055
425	516	481	990	132	882	621	1601	1248	3147
556	510	673	376	744	706	503	1460	1162	868
101	0	710	1770	1183	468	1656	861	1460	1742
348	225	461	849	597	1091	1097	420	1129	845
275	653	332	563	806	2124	1129	1229	580	1087
414	77	760	392	256	1115	317	1025	1117	1050
133	510	417	409	1445	729	918	1072	1267	1403
578	679	575	1879	309	783	1123	748	1013	3455
132	685	613	665	1767	1814	669	510	1378	2292
316	309	1051	237	247	363	989	974	3465	923
343	1537	174	959	286	932	852	1084	563	904
311	476	2323	479	712	1108	297	1201	1280	605
712	487	1023	905	1379	312	638	2663	1339	1584
78	362	374	671	484	484	465	2555	333	312
412	571	1191	1050	716	232	249	2818	770	1413
251	2846	2339	1057	529	346	1220	1358	989	256
165	191	505	951	953	664	1036	1942	2436	1007
352	83	437	462	1056	789	1424	510	925	2108
395	383	317	1121	2562	568	672	1241	668	1387
308	403	243	581	693	609	1205	394	944	2455
288	710	679	1096	798	1283	705	2497	1823	3066
348	720	481	1086	623	3425	3233	342	1132	1677
326	1026	849	551	505	1008	1394	1860	2442	1744
158	926	309	994	1033	968	552	4080	3751	1770
489	366	602	223	1681	988	1019	1139	3158	1567
253	1646	845	668	800	577	1879	894	3757	1177
279	485	625	202	79	716	1268	1568	907	1374
258	276	637	406	635	699	684	881	931	3038
228	834	975	890	665	726	159	898	1338	1064
160	669	397	1379	581	526	1508	404	624	789
163	405	1264	242	809	640	1286	811	844	2017
1272	329	571	1019	508	609	1962	1299	1581	1994
80	92	1089	992	857	1356	618	937	1450	1693
254	438	541	79	1088	699	371	2099	1321	614
466	1047	406	1046	667	762	1468	1855	1396	909
764	597	870	995	1464	334	677	1031	1405	1499
197	340	550	1328	2020	403	618	1441	921	1519
401	465	741	524	1883	374	0	683	2254	1553
341	243	153	232	632	2282	805	1972	235	2576
349	315	624	911	606	1497	1964	1536	682	1892
246	219	423	732	176	742	1562	1599	627	1698
97	249	1395	1221	385	1013	912	975	1341	1926
412	392	563	2642	1483	829	2399	2592	2771	1978
77	703	1321	2406	711	620	1823	78	172	844
95	698	650	865	445	846	700	824	1019	1375
256	588	625	1116	681	481	1548	277	315	1990
246	78	575	584	0	760	974	1484	803	2125
233	313	531	1259	1031	575	479	1293	1522	1748
194	387	550	1368	659	1573	874	605	898	309
529	703	719	1491	316	508	945	1057	814	1672
