1 NN	2 NN	3 NN	4 NN	5 NN	6 NN	7 NN	8 NN	9 NN	10 NN
154	166	165	616	534	378	191	351	433	273
166	117	376	328	328	269	598	349	152	470
181	334	115	115	422	284	285	246	159	659
157	237	220	152	317	185	317	336	460	303
129	145	174	308	435	406	298	177	433	486
181	351	117	334	290	131	430	236	217	346
153	102	279	192	167	129	221	472	116	506
163	235	335	234	191	254	222	285	322	241
181	124	147	274	176	232	213	299	336	626
181	162	255	420	454	668	254	320	536	476
137	108	155	107	462	136	187	303	375	301
120	338	432	271	355	280	150	349	285	254
166	150	313	177	313	355	315	334	336	135
137	170	122	401	305	234	300	317	263	406
189	134	147	282	312	265	212	358	501	651
157	228	285	193	336	211	280	579	358	457
191	199	302	176	453	256	338	277	396	277
118	191	327	298	185	110	192	482	457	209
106	315	112	325	362	411	294	433	307	205
103	108	313	465	642	381	122	486	403	283
104	193	211	489	504	107	420	362	448	433
155	147	181	178	335	489	164	225	626	464
149	318	248	171	252	532	265	396	280	230
107	191	106	131	647	297	262	110	115	590
128	279	364	165	234	281	125	106	336	454
157	144	263	131	426	487	295	307	603	484
153	129	181	274	334	443	494	114	366	222
129	299	334	454	147	321	174	417	153	452
152	328	149	328	454	150	141	445	325	246
179	294	135	336	504	147	338	323	544	394
153	364	159	307	351	307	153	455	336	314
108	131	184	284	209	464	414	334	312	420
169	100	228	292	457	110	294	470	235	262
108	131	170	143	460	284	229	285	187	412
137	170	260	148	135	193	433	358	334	200
193	261	131	164	280	124	355	137	379	322
148	184	178	336	112	491	317	294	366	478
131	129	220	228	223	299	298	299	458	155
126	135	120	280	310	336	117	317	179	299
150	139	177	304	186	189	335	235	424	248
121	164	317	284	137	311	362	304	106	153
143	220	186	164	263	153	422	292	278	335
118	110	328	296	128	243	177	234	590	796
170	137	242	110	306	311	545	469	403	461
180	364	299	307	112	100	317	403	313	382
114	333	136	214	371	423	254	295	307	157
143	287	153	154	154	103	209	487	294	143
131	156	142	104	321	358	407	347	317	401
137	187	184	122	126	417	409	162	455	321
144	168	254	312	126	505	240	462	191	336
102	312	209	166	346	256	122	246	349	168
107	107	291	486	116	323	347	301	303	459
171	320	322	339	505	317	431	564	613	163
169	170	154	308	355	187	133	306	429	444
149	120	171	464	349	258	334	336	328	321
115	147	174	365	317	141	129	322	474	356
119	142	216	243	243	506	155	102	278	237
182	187	107	270	335	122	230	335	478	327
115	313	317	155	362	313	509	288	239	368
150	198	155	307	164	229	584	287	533	320
173	119	200	123	295	312	291	361	478	457
163	181	335	476	301	209	284	391	306	503
150	134	126	109	285	150	322	179	442	298
131	299	259	191	164	177	165	361	110	133
108	157	118	416	242	346	131	321	391	478
183	158	346	192	129	280	153	304	313	302
110	118	367	192	137	128	504	303	242	118
189	109	332	125	325	153	299	370	122	305
191	100	179	263	164	137	511	139	593	740
153	134	133	297	504	420	403	187	215	114
129	328	181	236	427	200	461	171	302	334
148	184	298	159	454	265	465	317	489	215
131	154	303	196	337	218	472	291	427	595
183	320	126	181	164	175	496	171	465	216
157	107	338	358	274	367	504	323	187	302
144	152	221	521	254	534	408	232	115	457
119	161	273	136	608	313	375	359	265	291
187	125	262	433	312	170	280	220	433	101
129	181	124	336	132	165	494	371	191	307
183	132	176	207	157	632	269	294	298	335
165	170	152	193	336	297	751	205	321	581
107	106	229	346	334	137	225	277	403	362
178	108	320	422	440	334	306	217	416	277
122	291	191	334	303	284	335	131	311	137
128	115	214	196	213	371	209	299	476	381
153	178	458	188	325	532	128	342	280	267
180	101	241	299	371	313	293	186	285	304
163	232	166	200	323	167	314	229	382	364
196	226	191	107	265	307	355	355	632	352
174	308	304	144	300	293	515	248	164	165
198	325	252	270	427	310	265	615	397	335
144	351	191	153	160	153	404	373	171	317
181	296	357	137	311	286	358	642	401	359
153	297	346	351	179	259	206	312	465	307
155	166	104	148	169	296	153	325	363	708
184	102	165	120	131	102	110	186	104	489
105	328	173	174	412	489	305	271	298	561
177	191	317	327	320	379	491	283	338	582
174	130	268	291	478	489	134	136	299	361
143	317	216	262	394	171	403	299	148	236
117	155	102	335	420	489	420	312	464	449
150	284	336	456	229	118	286	292	271	382
128	157	181	328	186	296	610	303	270	322
104	124	158	352	239	304	226	254	483	267
166	349	471	122	375	292	365	321	317	606
148	181	191	137	303	239	316	315	401	334
181	145	202	170	101	306	317	303	106	391
127	168	137	302	368	167	174	576	249	328
192	158	129	504	336	458	495	334	402	150
170	165	170	137	283	614	272	261	239	223
102	177	123	290	323	334	559	303	334	403
170	321	184	179	299	325	182	389	307	420
136	102	314	187	476	280	504	258	300	461
129	155	230	335	234	304	257	240	229	427
122	133	166	131	301	300	294	454	472	313
191	193	312	301	144	257	109	323	322	457
186	106	157	378	322	126	329	124	303	263
181	165	136	330	304	336	170	318	361	287
122	313	171	152	265	427	312	395	338	478
108	128	166	270	108	281	796	440	394	251
118	193	280	443	440	465	265	132	336	448
118	163	206	151	478	312	140	117	135	708
196	179	165	273	152	286	394	431	191	341
136	301	345	448	309	300	131	733	311	485
160	191	364	317	152	126	126	235	260	101
149	270	144	137	169	228	295	364	247	335
105	336	102	192	302	515	297	287	366	268
189	129	222	358	326	312	136	328	456	267
194	106	363	298	462	282	322	115	447	652
167	134	129	267	264	278	624	278	135	552
158	284	132	155	130	285	296	349	275	420
108	295	266	302	316	234	500	153	320	147
155	299	259	299	220	285	449	149	414	612
149	107	124	236	108	285	448	109	267	483
153	289	120	202	153	129	324	482	490	458
187	358	294	200	150	332	223	457	318	618
152	240	274	310	379	122	267	312	614	355
140	103	143	151	358	467	239	311	296	153
183	351	200	294	311	103	185	317	329	614
187	128	306	187	257	273	354	334	294	338
101	336	277	246	200	233	311	499	344	105
107	304	317	174	335	126	414	312	233	317
106	222	165	317	122	169	267	161	323	299
198	125	334	562	336	280	511	227	102	367
131	184	138	239	294	309	313	427	313	338
179	100	177	320	306	504	366	579	561	443
191	321	323	149	388	147	305	424	292	407
158	103	264	394	400	164	126	587	506	148
157	336	329	128	259	177	354	117	164	137
153	191	154	478	398	347	191	245	335	291
158	334	328	277	213	559	158	200	223	220
150	103	298	492	306	443	282	151	205	184
137	309	164	294	221	327	106	254	114	523
148	224	181	247	283	258	122	454	697	294
191	181	197	153	375	281	422	295	564	592
189	344	280	411	332	164	434	251	290	185
108	136	304	282	344	466	365	101	531	338
152	137	300	164	343	465	334	435	115	184
157	153	187	304	221	298	458	304	465	422
173	183	299	515	336	493	174	398	621	448
170	184	267	302	312	637	107	336	151	556
157	336	278	108	106	590	191	125	422	336
184	320	137	133	303	117	263	582	334	461
200	164	116	152	229	268	457	165	342	158
177	290	152	129	280	135	427	313	220	240
108	136	119	251	515	221	120	454	117	167
153	141	171	234	378	299	177	266	518	171
181	137	400	249	328	588	310	143	590	263
144	194	131	250	296	143	149	302	461	300
191	151	295	270	122	176	460	300	631	504
183	303	198	239	322	278	327	116	346	427
137	137	129	149	487	107	207	367	126	107
107	143	137	230	271	157	204	252	489	410
164	159	240	169	317	497	320	152	311	304
165	170	234	334	299	467	290	197	321	235
191	137	334	275	135	137	484	336	406	422
169	191	209	407	143	457	265	184	613	225
108	102	113	258	317	295	287	313	305	366
187	171	118	169	501	294	174	515	288	406
115	184	299	349	153	120	318	254	174	270
124	182	184	177	233	170	397	101	396	309
100	334	312	347	131	122	152	321	186	299
169	306	308	329	334	237	506	302	504	486
120	220	205	191	489	284	476	188	336	382
148	101	149	257	131	184	263	327	122	472
125	179	269	204	336	252	265	400	179	381
170	348	170	147	115	131	102	522	279	304
175	175	299	290	176	335	382	403	316	329
181	157	304	449	532	202	300	285	420	350
129	152	433	322	196	270	149	352	282	136
125	317	303	259	164	165	187	570	553	427
155	140	181	122	109	532	155	266	205	143
155	191	164	158	169	261	561	408	312	254
155	270	304	316	320	252	304	151	427	546
128	174	277	326	200	281	225	148	221	457
116	136	292	209	373	323	318	479	306	259
153	157	164	107	482	414	220	296	323	603
165	131	163	668	336	324	137	305	298	504
119	328	204	120	334	364	200	107	315	377
131	101	165	325	204	221	629	137	317	302
106	148	114	402	262	552	386	486	280	535
102	143	334	176	347	314	423	332	322	317
157	245	284	187	183	117	285	457	457	150
164	131	375	176	296	294	433	252	306	296
157	151	338	303	323	101	378	305	432	223
174	153	227	295	286	626	118	502	297	174
193	100	119	164	144	349	307	199	302	247
191	126	304	233	317	158	251	262	294	448
152	106	298	165	343	300	209	312	293	302
131	288	276	325	338	290	299	179	313	626
142	295	110	152	104	325	321	193	335	367
136	192	160	275	117	358	239	501	269	293
173	137	325	131	110	534	190	546	410	284
136	137	110	157	128	298	294	230	435	640
181	334	137	104	347	338	280	276	229	200
118	313	108	299	259	478	154	298	370	316
102	335	285	327	115	382	313	334	427	345
108	258	239	108	174	352	515	338	287	409
149	335	291	131	182	489	403	131	336	403
152	171	284	109	206	427	105	486	776	309
113	157	109	206	109	147	395	107	341	559
153	163	131	317	179	458	293	265	191	420
101	306	153	334	302	209	284	373	364	335
193	126	317	226	517	486	472	603	317	449
169	322	306	461	367	284	304	131	167	475
101	144	158	314	412	296	248	280	214	176
153	383	391	107	122	298	223	271	286	284
110	198	128	336	457	299	306	217	338	618
158	181	306	210	192	270	200	278	275	652
107	108	199	313	299	334	522	133	320	114
181	165	104	335	416	303	105	407	454	383
156	200	240	232	355	157	655	165	334	474
170	164	100	149	508	454	344	388	338	311
153	157	255	131	178	328	281	137	632	338
181	191	257	358	313	159	383	191	130	403
159	242	218	120	387	191	146	338	273	653
129	193	178	137	181	185	321	293	118	245
151	176	209	306	179	251	401	296	317	304
197	361	155	114	534	427	291	207	404	504
170	128	166	222	234	328	400	478	336	399
124	152	139	100	157	349	323	347	613	258
184	133	302	184	317	422	337	292	364	321
174	144	170	121	234	312	458	264	402	178
134	158	197	295	200	428	368	481	294	312
159	104	347	333	236	107	422	323	284	598
136	310	336	430	167	370	486	148	469	165
128	133	155	270	472	448	404	493	457	389
137	108	166	361	167	414	394	476	120	265
148	319	472	277	336	280	149	525	607	284
184	131	133	150	164	292	409	321	323	200
133	187	317	192	206	254	117	335	546	300
131	191	263	184	284	460	287	457	120	141
122	184	288	213	120	721	334	446	298	356
181	334	306	268	147	134	312	293	491	613
100	361	184	328	332	299	106	639	500	409
132	120	364	265	323	254	149	165	410	443
144	149	304	167	254	200	322	155	302	263
150	185	291	317	434	128	148	584	220	285
144	149	233	110	182	245	332	448	461	152
100	223	165	367	347	191	295	403	433	583
148	159	284	243	238	334	721	214	167	317
191	336	264	167	214	434	277	300	209	336
131	112	154	268	306	454	324	457	251	112
181	184	262	335	216	209	319	325	216	465
171	171	191	358	351	334	317	126	221	307
156	107	174	108	335	209	335	115	323	299
102	338	152	298	303	284	165	234	281	613
107	118	137	148	273	218	271	317	435	335
159	102	338	291	448	307	148	284	467	249
164	136	145	355	312	214	114	336	516	338
102	144	153	113	129	163	435	687	309	281
183	107	181	118	419	332	334	182	624	100
184	334	137	270	294	278	186	290	342	353
131	159	158	367	435	304	464	334	465	489
183	165	313	312	447	299	228	338	341	361
137	265	284	165	336	148	191	460	271	317
178	321	313	271	265	296	291	182	314	338
153	235	324	151	486	109	317	438	101	276
129	117	178	303	433	433	290	313	247	321
191	200	429	116	478	334	304	427	467	295
144	326	101	265	284	321	417	366	334	458
188	122	328	108	276	427	582	109	410	361
155	323	109	305	299	285	326	457	329	510
122	191	147	122	454	153	472	488	279	243
128	136	313	117	361	166	429	280	282	536
147	198	481	298	196	221	467	371	371	137
170	293	314	384	478	203	298	457	441	248
130	169	116	131	336	371	283	143	603	411
116	167	198	167	297	324	273	287	183	143
131	313	273	200	394	152	320	382	133	287
107	153	334	433	311	427	293	313	358	317
157	153	103	147	152	472	313	241	174	317
149	148	129	447	332	216	408	389	412	608
191	120	243	336	125	170	334	364	286	334
153	188	174	159	100	413	283	300	120	261
103	135	336	102	504	290	336	285	346	312
157	191	355	298	120	313	137	194	229	257
100	170	226	336	322	177	247	672	316	150
144	285	325	120	139	100	102	317	533	448
136	310	299	307	338	336	281	283	335	614
100	106	304	312	164	131	463	433	427	454
102	139	294	247	335	170	137	486	320	243
184	320	322	443	321	420	540	200	110	411
155	252	184	473	127	158	341	434	235	486
191	291	267	198	173	293	465	385	258	314
129	105	109	288	312	337	193	325	382	211
165	282	184	101	112	377	163	376	322	435
184	273	110	361	311	126	442	312	303	472
156	197	153	351	371	487	347	100	346	378
182	367	137	303	321	355	325	197	505	422
162	103	334	377	535	114	460	150	152	163
120	153	285	362	335	418	464	325	162	359
130	133	147	300	216	532	187	104	482	322
148	311	100	423	336	299	364	136	147	324
134	152	136	240	334	263	430	507	130	289
128	170	163	263	128	160	246	345	305	159
106	228	346	291	346	381	433	170	489	504
157	174	150	240	265	264	317	631	285	222
153	107	462	327	329	174	372	446	456	303
121	129	312	334	304	522	157	102	220	315
196	100	121	399	508	381	491	298	423	260
167	261	296	184	371	332	409	284	328	335
115	122	320	306	264	613	282	312	271	427
143	306	152	191	448	124	147	465	299	415
181	131	148	460	164	585	312	349	263	108
181	108	187	101	191	262	485	356	257	386
147	176	304	281	245	252	313	235	639	264
137	299	298	178	102	153	472	298	461	307
122	131	378	165	170	515	147	241	457	300
102	304	144	284	420	408	102	399	273	615
173	331	236	381	142	358	448	472	265	578
191	320	285	137	147	232	165	226	306	312
106	336	119	454	407	486	198	351	299	391
101	335	320	152	128	347	187	311	317	490
187	101	294	320	112	368	280	403	170	192
134	221	139	181	276	336	305	104	287	454
150	183	218	251	151	295	336	337	448	312
170	312	336	295	335	476	300	174	174	280
184	108	164	207	306	304	384	383	607	418
166	322	213	199	354	245	302	427	136	358
149	196	306	323	504	115	170	416	573	380
187	331	107	261	313	482	248	200	567	336
173	318	472	274	296	152	383	523	122	147
106	152	170	232	165	301	310	245	331	415
102	302	349	290	289	161	153	620	178	171
149	137	259	184	298	444	298	312	153	292
181	104	271	366	322	109	306	335	515	348
134	181	129	419	460	358	176	150	412	613
120	320	256	257	285	472	302	147	335	336
184	107	135	299	182	277	454	457	409	203
106	164	139	420	265	200	252	373	230	337
170	168	249	191	461	317	286	230	386	275
155	223	334	137	275	295	237	482	311	457
178	170	184	336	325	489	265	237	536	231
152	153	101	181	394	311	262	194	321	424
200	151	273	129	321	442	400	321	124	423
114	128	236	334	126	420	448	137	511	242
170	106	108	192	328	367	382	577	137	506
103	150	153	181	281	214	289	606	428	652
109	120	281	335	336	472	233	139	108	226
153	173	143	200	336	126	132	422	279	336
127	348	284	266	364	338	323	388	465	462
115	150	191	179	304	269	472	441	147	367
196	147	334	197	289	100	117	321	499	767
170	184	239	299	331	506	298	404	472	603
182	155	133	252	321	502	316	430	422	378
198	198	139	313	480	226	299	322	263	316
165	150	300	336	412	109	135	283	459	679
162	288	313	305	122	209	238	106	104	299
184	234	271	187	102	237	109	318	323	338
155	336	335	328	425	118	273	440	154	297
189	286	164	191	202	193	165	424	479	285
170	169	430	301	319	107	100	322	371	248
188	147	147	150	241	152	454	494	370	358
104	128	145	293	484	474	246	533	489	249
129	130	119	115	215	302	297	120	380	587
108	126	197	156	158	362	422	362	245	316
117	246	178	107	165	100	301	290	355	124
166	120	173	364	336	346	422	191	486	459
128	271	262	271	129	209	299	387	620	157
155	135	288	176	356	165	280	240	422	312
149	320	189	110	115	323	300	120	414	317
144	249	187	285	109	304	454	351	375	254
138	165	270	248	338	267	416	457	107	296
131	134	301	368	355	422	247	332	179	277
151	122	486	328	443	144	317	314	241	446
114	139	137	126	137	325	334	166	381	319
128	180	122	307	171	336	313	601	307	162
108	139	147	170	232	299	489	291	465	200
170	155	323	133	285	149	314	164	126	100
170	120	143	336	413	135	308	299	106	624
103	155	170	334	327	358	489	214	427	313
122	181	412	334	351	273	320	472	612	288
164	122	170	403	265	115	448	128	266	320
169	320	176	263	103	221	307	305	430	614
152	149	114	299	287	297	306	632	229	427
147	254	361	312	100	290	334	301	472	290
129	157	133	295	335	221	442	308	409	296
129	313	334	121	173	290	187	639	108	112
188	317	199	108	511	191	510	230	170	486
170	317	321	472	432	255	470	334	361	274
164	109	104	115	206	342	334	149	221	379
118	167	299	298	200	318	184	442	336	193
148	155	306	251	109	184	336	323	225	635
191	170	129	367	446	294	298	381	159	462
165	282	335	457	165	355	106	352	105	114
184	109	336	141	111	284	262	396	421	595
147	336	261	334	191	107	501	309	313	216
163	317	113	379	219	313	298	284	302	599
149	170	104	173	358	120	336	489	336	299
183	120	336	590	131	319	547	312	482	652
110	100	173	334	180	358	439	209	307	439
103	289	334	301	534	141	208	187	427	504
100	200	297	472	296	312	508	402	487	572
161	181	403	181	191	454	267	321	320	497
139	107	134	173	478	151	373	272	587	259
180	191	283	137	424	186	280	486	305	296
119	178	117	259	280	449	265	431	135	724
107	166	323	281	362	358	367	313	398	337
100	165	284	308	187	304	487	427	336	339
134	345	237	291	306	330	317	335	165	380
192	336	409	200	144	402	338	170	294	727
181	101	272	220	334	227	176	118	333	727
106	192	328	317	367	321	626	454	253	317
117	164	110	378	287	366	155	346	305	286
101	358	129	106	271	191	344	321	192	205
102	134	133	252	356	235	214	428	572	320
178	157	280	257	107	254	291	329	511	412
183	132	320	157	482	257	454	322	427	428
130	181	113	409	322	275	257	386	303	170
122	122	367	348	234	309	420	133	358	373
170	108	107	414	336	289	306	433	191	578
149	336	301	290	370	147	120	489	857	334
130	153	133	294	126	313	457	336	157	152
116	111	359	140	462	619	486	532	330	200
169	304	179	317	131	148	371	163	457	286
158	165	298	328	312	306	503	382	292	379
131	105	109	137	325	335	477	370	427	389
108	291	131	103	511	193	128	320	264	486
181	108	252	169	167	181	118	162	334	476
128	141	194	191	260	157	191	335	494	357
184	236	120	128	320	200	101	293	209	320
137	128	299	285	375	136	129	358	334	255
122	252	267	274	306	313	221	148	129	240
184	129	112	137	122	119	402	168	467	179
107	150	310	191	303	485	200	182	325	381
100	153	186	476	190	256	325	306	322	319
122	208	259	127	322	110	304	225	312	346
100	200	164	105	309	312	550	281	107	303
125	117	297	247	120	228	302	249	245	457
152	309	164	115	306	208	642	328	191	254
184	285	153	109	187	457	252	420	308	280
114	103	228	328	181	196	298	234	191	321
134	184	299	277	449	159	328	423	556	613
144	133	258	398	478	233	306	433	310	311
170	184	361	329	166	215	149	486	318	336
170	131	329	133	348	123	325	495	328	579
117	163	150	338	341	153	506	439	461	265
107	118	255	257	299	411	153	590	471	364
200	133	236	157	322	299	457	115	595	482
169	104	165	123	338	191	106	234	334	457
166	191	343	201	191	261	394	459	312	235
200	139	115	285	378	415	140	347	362	215
196	336	465	362	141	168	191	394	362	776
131	129	137	402	422	336	235	412	318	311
129	328	196	317	320	143	387	564	191	118
110	187	273	358	275	457	150	489	458	147
150	178	331	296	239	281	299	504	133	382
171	143	328	489	409	322	139	536	454	499
155	155	234	228	280	176	167	489	330	367
102	117	317	153	336	349	242	304	193	465
184	108	114	205	358	234	155	454	269	245
128	151	102	309	427	323	222	150	420	154
128	124	210	291	308	182	313	298	246	464
157	258	159	299	113	184	321	351	642	489
191	292	126	289	271	125	238	429	362	191
139	118	270	188	124	345	591	465	293	287
185	102	178	160	281	332	321	613	119	486
128	137	321	120	234	356	299	504	448	335
159	180	299	336	298	179	427	163	413	368
191	115	122	131	104	182	335	486	373	399
137	287	347	157	461	211	309	312	298	370
153	168	164	448	312	101	252	267	270	402
106	131	317	312	313	534	254	170	641	489
117	361	106	466	434	108	457	178	321	529
152	138	155	341	122	415	306	321	389	176
100	358	249	137	328	329	234	299	796	345
101	122	129	196	454	246	321	556	321	232
137	119	180	184	112	322	438	197	466	337
170	250	338	334	246	285	157	374	395	312
157	152	168	419	258	279	475	101	107	403
103	129	295	102	292	311	313	564	370	306
153	299	120	347	298	422	371	299	133	170
155	251	317	171	157	167	432	209	606	379
122	144	143	403	154	308	364	280	222	165
181	166	328	299	279	245	308	109	488	503
153	165	321	185	197	442	433	165	248	320
177	167	349	200	262	299	274	287	270	349
184	131	191	116	191	457	306	397	520	186
127	132	312	149	501	220	254	439	454	170
