1 NN	2 NN	3 NN	4 NN	5 NN	6 NN	7 NN	8 NN	9 NN	10 NN
217	216	163	200	255	480	362	216	260	526
217	455	180	452	179	252	205	356	332	484
215	286	268	228	235	199	605	492	373	414
163	261	268	217	289	213	261	663	289	509
175	424	216	415	484	444	396	580	663	974
281	216	445	508	194	455	378	781	658	202
158	322	417	173	180	181	455	194	362	290
216	455	262	292	199	492	492	416	548	232
169	194	175	216	458	259	264	418	397	505
219	212	493	292	581	531	397	480	177	448
169	160	221	445	414	277	365	207	466	871
177	397	264	199	338	220	508	995	663	373
153	415	289	650	338	199	499	290	418	252
228	180	289	286	263	484	663	367	574	582
300	416	173	286	445	362	436	287	416	257
186	163	203	222	563	181	418	338	338	484
281	289	235	286	236	501	264	202	235	163
290	228	468	468	164	595	691	1133	665	357
196	264	301	577	202	466	623	345	392	481
153	151	362	190	623	287	455	380	418	462
277	175	289	404	181	496	546	669	796	545
266	194	224	167	235	606	444	383	252	181
164	414	235	200	512	297	252	445	595	530
264	181	268	178	309	280	264	281	532	225
160	161	190	181	652	366	337	292	445	508
181	181	430	286	375	282	373	346	344	413
264	493	209	183	177	484	492	397	575	711
186	225	459	365	150	659	319	589	180	503
199	224	338	180	203	531	431	607	682	959
205	201	216	216	402	441	216	444	531	698
219	163	173	160	461	319	193	202	288	601
266	264	174	582	214	286	367	960	180	521
224	185	216	278	445	657	190	414	255	662
152	334	367	424	285	189	509	669	512	247
202	182	235	180	338	453	607	373	739	461
189	180	483	461	409	439	222	357	171	694
181	181	202	393	694	199	439	281	216	518
220	480	475	384	338	445	399	199	365	338
219	222	397	177	180	338	479	492	215	631
153	275	301	436	384	381	416	528	216	200
293	162	295	178	340	520	287	186	623	276
257	208	574	216	485	303	619	414	444	540
207	192	219	446	264	414	384	680	492	433
219	201	281	433	835	445	436	396	655	396
193	222	298	202	521	351	370	543	565	950
227	264	240	493	496	589	480	416	276	373
217	492	216	638	239	470	169	281	792	370
204	338	292	292	273	445	180	292	392	449
160	475	225	482	338	398	161	235	724	663
151	385	178	198	216	325	277	251	416	480
178	496	649	436	285	417	616	216	409	414
177	426	380	217	663	178	681	887	480	464
216	445	266	496	497	261	482	264	518	650
225	268	563	341	389	679	203	261	682	521
261	252	414	199	373	662	816	470	638	398
158	202	343	216	212	456	563	268	729	638
151	160	365	344	202	373	252	202	178	537
210	515	492	337	445	644	230	480	425	582
175	493	520	589	292	199	555	225	326	182
171	217	523	301	257	261	264	399	520	744
150	375	489	265	455	466	227	680	346	405
216	217	216	338	219	433	161	418	295	610
264	180	552	194	252	300	247	217	496	249
293	151	614	224	746	374	480	414	415	445
295	219	443	512	276	257	300	536	163	235
199	452	456	433	426	380	186	444	766	1049
298	295	512	498	432	508	666	657	384	593
169	289	295	182	499	415	292	910	809	177
202	181	344	663	536	264	454	336	338	418
276	152	519	521	235	235	181	662	739	706
298	181	254	211	459	292	480	217	199	663
295	284	338	414	383	362	228	268	455	362
264	216	224	264	416	492	225	452	216	488
287	228	380	384	190	533	365	338	669	455
224	264	441	216	602	423	222	201	964	169
246	492	225	216	254	414	366	235	870	454
150	216	217	216	199	167	326	224	369	508
206	445	418	287	445	362	340	414	436	517
199	216	160	484	292	297	225	199	433	236
204	230	224	330	224	252	496	395	558	180
181	199	199	175	443	212	160	508	292	538
217	261	208	458	235	235	152	338	222	441
212	277	202	348	449	278	633	152	401	433
286	387	282	292	200	190	293	623	416	454
217	346	202	375	301	702	180	436	293	396
156	433	546	496	498	300	809	458	606	193
178	438	158	512	433	601	250	560	413	216
159	263	216	253	430	235	445	607	519	623
286	281	261	508	215	407	420	680	416	354
199	156	194	553	202	344	543	373	858	732
264	200	338	396	194	203	444	235	286	461
206	455	200	235	496	444	499	373	455	179
160	235	499	176	436	160	216	194	205	706
260	261	264	190	216	336	605	338	264	289
163	203	368	471	545	174	710	208	659	800
160	492	319	301	166	362	178	246	216	416
150	216	454	282	851	178	768	373	494	331
295	416	235	401	726	508	414	208	573	585
224	444	169	153	228	380	164	200	409	369
177	292	362	370	458	199	682	429	623	444
235	264	216	723	461	178	285	560	461	334
150	155	209	445	351	181	466	484	362	407
175	225	399	181	441	202	448	492	402	151
225	193	228	492	385	152	160	211	193	427
165	538	380	217	261	499	214	499	454	282
219	232	454	492	445	210	426	451	444	217
201	264	186	252	373	241	293	636	337	682
239	277	191	157	181	155	415	292	998	488
163	203	277	193	362	531	448	759	870	512
224	293	199	413	553	434	401	860	588	436
273	266	183	180	167	214	214	461	206	496
300	452	405	167	492	682	492	476	401	658
225	250	300	202	679	632	235	623	235	669
163	190	239	319	164	286	362	192	289	787
219	203	155	289	441	273	567	658	190	466
194	448	230	492	202	632	249	519	496	381
199	224	295	151	175	595	219	494	723	440
181	425	157	266	178	418	401	280	289	553
199	546	224	338	181	628	432	168	444	870
202	281	462	289	445	228	552	255	280	386
281	275	290	324	190	492	282	179	538	202
202	268	330	499	387	194	368	581	520	416
246	273	466	445	337	632	163	297	216	701
262	241	235	228	466	521	533	280	292	480
224	404	497	264	468	153	380	534	711	492
287	203	570	268	801	210	502	742	670	492
181	235	542	158	217	574	152	211	947	821
235	512	623	295	445	217	416	175	497	461
152	214	161	384	264	282	264	641	439	480
280	158	201	445	488	507	169	369	508	798
175	216	438	181	342	537	496	338	214	295
181	261	530	178	512	453	718	625	252	492
286	153	281	466	680	378	214	596	209	444
265	160	453	496	264	450	193	480	370	217
216	215	202	217	228	158	379	181	331	740
181	560	267	219	177	759	444	163	217	338
249	273	285	273	180	289	262	427	504	602
246	413	342	185	453	214	467	177	479	415
225	281	166	229	458	385	461	282	562	385
178	224	444	281	492	158	611	373	662	447
158	180	416	286	474	445	292	357	200	585
216	572	344	217	475	1234	805	519	334	614
246	217	414	216	293	369	338	340	178	160
212	512	381	655	512	413	166	260	177	538
219	224	253	487	459	235	532	492	362	688
203	287	167	231	476	365	532	319	289	520
163	150	260	342	563	237	292	505	384	326
207	217	167	163	424	281	235	217	445	624
163	282	367	396	175	585	469	264	599	273
224	270	362	300	462	566	225	288	295	413
189	167	150	247	203	357	268	582	412	599
201	300	403	477	338	202	435	268	190	370
298	231	150	541	289	263	453	399	399	251
215	189	352	370	153	174	721	268	469	155
202	416	275	202	418	210	405	287	623	384
295	526	441	454	182	661	217	340	543	201
289	158	273	276	174	480	232	503	480	504
235	216	150	235	275	215	455	362	662	194
273	210	264	289	461	228	281	675	398	270
264	217	336	519	175	235	174	702	210	609
156	264	174	613	222	456	349	541	480	161
212	181	492	709	263	295	499	264	169	261
160	183	252	466	190	264	288	781	663	289
215	177	180	470	488	177	580	492	275	150
165	281	431	495	237	285	342	480	295	150
178	492	301	230	247	263	336	615	261	208
268	189	153	235	334	403	153	1013	680	180
177	180	282	445	334	383	151	508	916	282
161	177	261	260	280	403	445	235	152	405
296	155	649	553	445	216	403	282	466	286
178	261	202	459	523	430	292	661	216	349
160	585	235	292	512	164	624	590	781	565
177	438	444	801	639	216	264	583	510	445
150	281	217	289	498	344	546	402	659	362
264	289	208	217	215	292	298	787	680	384
232	200	409	373	549	526	217	362	260	519
229	178	200	459	418	362	346	461	302	414
276	155	236	380	155	426	225	550	163	521
224	444	445	380	182	338	670	607	252	199
287	268	165	396	362	338	281	282	225	334
232	155	273	287	216	264	180	415	631	480
153	219	409	297	552	586	301	440	235	380
251	190	470	228	433	378	414	456	255	206
160	161	336	433	261	338	301	373	228	338
165	263	269	211	544	521	362	153	262	268
286	163	150	484	413	263	439	224	623	563
215	202	181	685	553	351	691	670	264	362
235	225	287	427	281	445	228	709	427	235
153	543	334	289	433	480	370	235	380	831
216	200	224	202	263	671	947	595	521	166
274	162	270	829	236	413	174	380	543	192
263	201	181	288	376	573	252	433	601	228
182	202	292	242	496	582	854	283	556	459
202	180	641	730	264	508	289	492	454	405
289	534	174	383	519	292	357	680	570	380
281	176	228	179	503	706	301	716	361	178
181	228	287	368	236	499	433	429	445	509
249	286	445	575	379	241	396	432	576	264
151	252	217	180	273	414	565	222	577	329
203	199	283	441	384	403	273	663	338	351
153	444	427	427	232	293	169	199	433	871
152	179	482	289	488	362	405	369	416	444
249	173	319	217	262	466	208	295	480	502
273	173	362	227	493	230	199	199	402	190
216	277	680	264	166	480	462	160	222	428
289	216	407	235	543	181	161	199	414	430
199	185	542	168	639	482	399	480	211	616
174	201	369	546	150	178	466	638	546	445
284	281	268	217	690	523	217	488	290	598
289	178	192	319	256	414	484	283	277	816
235	163	338	264	570	443	519	264	521	414
194	175	162	264	415	540	208	620	160	405
194	519	216	163	573	194	384	499	282	338
247	225	163	155	282	293	619	452	181	436
293	194	416	444	426	380	521	480	373	222
237	179	348	206	433	488	577	173	169	256
260	289	362	362	298	160	480	212	414	242
235	492	152	642	338	216	292	228	180	607
261	174	159	588	319	663	504	156	487	235
272	521	217	492	447	414	574	338	602	249
228	351	397	462	493	216	738	540	380	462
224	232	430	216	334	150	264	367	550	455
256	436	187	158	217	570	427	216	461	704
215	174	211	405	150	443	480	480	532	482
155	465	160	492	228	288	390	194	494	173
217	292	454	264	397	444	210	179	362	660
185	264	286	426	368	300	181	264	565	416
203	225	163	485	511	224	343	723	680	441
255	228	438	190	178	286	427	334	710	180
193	185	163	534	290	365	228	338	415	373
190	175	698	217	543	285	523	255	628	202
295	232	173	208	174	508	445	261	235	424
199	289	300	462	182	542	281	737	459	180
235	277	298	331	431	427	496	391	663	623
295	225	458	163	250	268	581	454	338	624
295	508	217	268	433	225	181	639	228	405
282	455	286	264	287	369	416	619	389	385
281	480	292	177	433	217	362	353	158	564
174	217	399	150	174	214	749	492	438	492
194	298	180	180	208	439	338	658	427	407
193	246	158	264	373	280	151	744	448	429
295	292	492	264	560	219	455	235	186	177
289	392	373	459	416	538	186	202	391	414
293	540	356	251	276	362	475	247	275	502
206	273	572	426	225	466	166	444	746	960
289	171	407	165	362	155	210	663	502	249
217	230	430	288	718	424	264	508	161	480
235	289	216	199	496	165	418	357	563	290
264	388	481	722	521	252	424	384	632	788
295	160	563	235	281	362	160	263	164	370
165	445	158	310	190	416	263	574	194	425
205	454	403	480	433	177	371	452	373	282
214	185	282	166	286	540	415	354	165	476
267	292	155	292	362	430	499	264	407	632
181	166	451	758	177	272	202	338	362	788
263	425	182	573	458	224	441	453	292	390
151	295	191	520	657	504	199	169	362	537
298	261	499	289	169	179	194	725	549	232
211	273	264	228	175	663	616	216	162	228
219	396	199	264	384	439	305	626	662	544
216	216	454	202	787	206	289	410	433	264
217	249	181	156	287	552	175	607	549	520
240	285	290	417	209	214	369	380	669	282
150	292	202	177	380	480	338	180	624	877
216	202	175	433	616	177	298	441	277	650
231	292	480	177	228	260	458	224	217	160
177	214	286	397	181	508	445	261	480	487
264	338	560	445	445	373	216	275	436	336
207	163	362	264	292	268	264	177	470	300
193	241	281	163	537	504	529	273	531	615
178	156	421	181	261	381	186	318	326	595
166	164	261	273	251	519	433	386	566	324
224	461	161	178	268	508	607	194	445	241
189	260	435	177	177	178	536	750	503	416
159	491	180	235	426	459	300	280	689	370
199	276	295	165	261	224	621	416	281	706
217	264	347	433	216	606	405	182	416	209
206	178	412	338	182	276	277	480	443	281
153	190	167	181	358	447	380	275	736	492
289	202	487	216	397	163	202	265	445	362
179	207	262	298	285	181	235	403	470	232
289	488	287	285	497	521	235	152	497	373
185	508	455	433	444	351	338	543	433	619
224	216	289	494	151	288	160	224	844	488
186	293	164	264	433	160	325	862	396	236
178	275	374	264	219	151	403	504	199	496
191	286	268	448	338	281	242	362	241	263
200	445	289	388	216	518	264	160	624	691
216	191	319	492	199	228	380	811	340	424
199	228	399	268	225	407	582	868	178	610
202	215	439	240	295	322	682	228	180	396
194	563	384	190	579	664	202	160	438	462
287	194	210	288	679	445	454	357	723	487
293	329	224	461	512	199	466	452	445	282
293	216	433	174	150	620	448	283	510	597
213	212	180	430	457	496	481	682	365	163
215	360	213	696	173	416	517	202	235	293
293	282	194	264	433	367	696	484	217	168
171	203	645	424	496	214	181	519	570	336
293	194	439	232	520	443	508	216	236	546
249	542	156	190	362	235	224	362	530	371
202	217	221	362	224	168	216	174	373	478
264	335	338	224	290	230	199	602	381	663
264	163	435	202	443	277	480	261	242	292
156	181	158	216	362	235	688	499	295	392
280	266	462	264	161	151	504	433	415	577
256	285	260	264	216	153	212	445	390	1017
178	201	357	180	260	736	262	539	885	362
181	289	163	232	217	498	224	743	177	448
216	415	455	183	228	190	292	264	431	194
216	201	206	347	150	666	266	384	787	484
257	224	319	441	286	407	164	384	373	256
289	480	189	281	492	499	450	239	338	443
235	257	194	182	193	416	492	749	252	631
178	287	177	264	181	520	235	189	403	246
216	217	216	202	323	351	467	526	455	247
272	380	268	150	440	199	405	375	404	445
178	217	217	462	434	224	236	555	160	190
280	155	252	397	268	384	330	391	499	681
278	543	180	277	247	158	153	626	418	380
228	378	298	289	538	759	199	809	593	362
166	264	293	217	264	614	292	273	732	362
224	206	510	403	606	413	235	217	362	177
275	155	669	485	239	264	416	282	265	680
251	455	652	770	433	462	487	414	224	1091
247	176	425	285	513	216	373	592	445	202
161	264	186	324	574	202	260	300	416	658
202	251	249	416	264	277	616	429	286	563
222	202	384	281	319	626	384	659	445	373
250	508	397	429	416	216	599	723	497	261
180	325	182	180	354	762	380	203	396	626
264	405	186	181	281	393	200	362	338	445
200	295	373	202	201	282	436	439	284	300
298	177	380	263	429	521	298	555	427	298
194	496	479	338	563	286	338	459	300	433
282	280	216	255	151	273	211	152	450	177
177	159	252	264	227	499	444	202	337	362
283	217	380	264	518	216	161	480	380	541
217	199	215	181	174	151	916	321	407	235
165	155	370	416	392	463	430	718	543	542
178	213	289	180	174	490	362	217	445	273
150	194	242	282	405	502	221	373	1204	405
214	158	252	165	171	480	328	407	492	403
251	452	488	163	261	373	403	475	194	508
210	190	217	338	338	512	680	607	480	418
246	161	676	216	236	789	216	300	530	744
275	468	473	709	465	480	661	370	615	160
264	180	202	494	415	445	161	466	718	696
150	207	210	362	380	346	445	405	264	587
151	492	261	150	273	285	247	224	480	373
207	208	169	467	520	261	785	431	255	367
164	362	253	161	160	464	722	216	203	338
177	217	289	345	197	400	532	448	261	589
216	264	454	217	293	672	387	416	444	384
292	264	373	436	275	301	325	414	344	161
193	356	462	228	177	160	268	175	431	515
166	179	462	370	250	276	384	370	436	282
252	293	160	177	215	482	454	151	418	351
180	285	273	332	417	514	263	380	427	199
248	202	430	181	216	742	555	272	732	266
282	180	273	441	370	239	224	264	474	794
189	174	414	222	499	319	438	557	222	450
152	214	445	433	281	199	276	743	619	179
207	508	202	216	680	252	632	354	261	492
264	436	496	443	481	494	222	156	282	777
261	178	236	186	393	508	202	417	324	566
190	407	199	177	285	228	293	492	179	560
225	368	309	190	373	194	235	637	607	219
202	190	480	445	182	509	683	174	242	542
156	202	228	153	217	268	241	872	480	723
174	262	160	338	173	743	661	449	433	274
268	254	546	228	298	179	588	663	575	606
199	164	373	543	281	256	276	517	623	428
219	546	431	241	370	595	680	297	632	698
232	186	216	521	484	396	520	349	445	194
157	178	217	636	239	200	496	416	202	286
181	338	475	178	273	544	338	484	182	530
150	252	163	264	168	256	254	217	266	878
268	213	499	216	202	367	568	682	726	433
231	246	462	492	445	361	247	338	896	476
219	159	695	252	379	443	519	167	413	453
232	202	175	217	174	673	691	508	338	413
264	455	268	362	298	611	380	599	619	757
190	211	151	338	480	521	203	321	455	585
200	209	199	552	362	433	150	338	410	696
202	216	350	293	431	424	512	280	490	662
264	160	261	178	252	615	268	691	776	660
181	484	285	464	502	542	338	594	678	202
300	153	231	390	263	680	552	264	414	374
224	179	154	383	264	496	464	236	430	200
232	216	219	408	239	554	300	406	682	444
227	397	216	216	433	396	570	480	573	427
165	216	325	202	414	199	163	445	338	202
150	203	264	251	228	433	181	362	261	214
203	217	434	443	380	455	610	151	438	206
206	216	214	181	298	680	428	533	224	508
285	181	287	217	199	216	381	595	619	728
181	168	434	749	163	430	416	289	439	929
230	216	217	666	264	217	520	362	800	461
290	216	300	518	496	415	479	264	268	163
203	262	199	235	181	200	373	931	838	597
153	182	384	209	402	240	466	787	217	443
207	208	216	319	371	235	469	749	383	264
212	300	160	492	199	215	173	368	373	290
206	416	515	362	732	295	166	214	492	546
216	265	380	319	268	150	283	451	158	151
151	235	362	380	502	444	194	298	300	181
191	161	259	216	770	396	373	665	666	711
177	283	235	293	261	282	663	480	508	454
293	439	381	160	173	476	499	159	487	793
216	236	582	683	669	263	180	292	493	492
194	212	194	383	285	362	496	222	759	499
177	231	177	561	570	498	597	161	582	570
181	235	292	496	300	414	444	564	445	536
219	169	399	158	407	338	381	662	638	214
151	186	683	475	303	384	362	356	695	441
264	235	602	426	273	200	330	466	216	414
193	236	252	431	552	255	511	367	399	445
232	264	264	334	438	177	691	560	395	466
275	192	215	235	216	455	362	758	418	674
224	202	206	689	268	449	380	512	565	445
194	454	403	155	496	281	470	430	484	368
286	284	546	461	439	441	264	474	623	829
177	392	235	338	499	301	445	334	492	338
162	197	445	222	157	177	541	523	479	289
224	295	224	414	480	444	480	346	321	1015
199	519	186	396	180	493	226	194	290	165
203	338	171	362	169	454	172	426	319	225
202	152	289	543	624	484	663	190	420	268
219	358	295	281	179	433	169	167	290	224
281	181	217	384	630	484	268	533	373	217
156	216	563	190	476	426	791	202	401	724
175	508	235	177	484	682	589	260	372	373
285	264	224	210	342	357	581	509	541	520
219	213	485	414	519	449	250	682	602	380
217	282	235	273	371	436	696	375	480	499
264	289	177	319	224	202	438	407	480	206
222	241	160	322	425	260	497	512	452	1058
217	344	632	235	180	443	488	251	338	508
281	200	440	431	175	157	644	702	252	298
237	160	375	589	448	384	319	277	403	150
295	253	254	402	630	453	180	489	264	399
159	197	183	455	202	216	462	414	374	202
181	415	279	392	174	499	679	543	180	405
203	373	211	264	191	570	568	357	742	417
235	370	160	206	445	497	508	168	209	770
293	444	282	484	158	867	459	412	362	628
199	428	199	416	202	216	493	521	847	362
202	290	746	212	192	235	482	675	214	338
246	217	190	290	199	277	351	374	876	289
224	481	368	225	458	298	159	503	261	553
202	241	235	264	264	454	380	497	280	217
254	287	177	424	373	520	241	418	380	436
235	455	203	252	606	517	399	224	407	481
150	181	293	287	492	180	399	480	480	669
219	293	301	160	433	492	433	190	384	669
289	202	370	180	384	155	552	406	462	416
178	163	410	268	200	217	152	295	362	542
175	252	517	400	588	292	202	354	680	639
219	178	247	573	461	280	232	155	416	416
209	379	186	217	457	597	236	499	261	430
286	206	224	338	560	450	380	436	632	225
262	369	181	401	212	501	694	432	338	362
276	205	544	373	338	174	175	469	375	287
199	216	287	199	480	281	468	807	264	667
228	199	384	499	455	407	445	373	466	842
215	163	261	164	540	461	496	496	742	552
286	264	513	177	492	415	344	413	199	480
225	216	484	169	499	474	164	663	442	540
190	189	202	194	367	228	457	414	776	167
224	399	413	538	331	403	488	338	392	375
242	266	214	286	210	401	399	179	443	338
177	354	264	160	338	202	168	362	388	264
182	156	236	444	525	202	263	644	331	851
161	264	265	407	216	492	403	436	287	482
236	174	454	160	217	418	508	217	236	367
277	163	263	241	362	447	362	436	444	729
269	438	264	384	362	462	416	167	203	319
216	222	199	265	461	192	235	175	202	236
289	395	282	199	174	455	537	401	672	475
162	264	216	180	168	445	609	235	950	443
160	285	261	444	287	462	217	358	455	696
180	174	225	276	167	539	177	594	445	680
224	263	609	453	216	399	686	475	830	715
264	366	282	375	445	433	396	202	504	349
292	160	493	628	163	180	520	499	657	174
237	293	235	765	555	182	295	623	362	280
252	546	201	338	277	624	552	454	151	534
229	235	370	175	169	343	502	586	445	264
239	160	268	564	163	667	289	436	508	199
237	214	163	200	575	416	203	602	601	984
214	205	250	683	212	485	158	542	338	537
250	175	519	212	282	219	152	669	362	661
264	247	282	540	338	455	485	235	199	509
202	260	181	264	224	355	289	175	496	252
202	202	480	194	216	623	492	189	742	152
160	216	202	235	425	540	368	179	512	776
264	166	480	432	281	409	445	282	236	161
217	286	262	470	447	636	380	427	509	289
191	216	217	424	264	201	282	362	362	521
