1 NN	2 NN	3 NN	4 NN	5 NN	6 NN	7 NN	8 NN	9 NN	10 NN
1	3	3	6	14	21	32	5	63	38
7	2	18	10	23	22	11	5	23	19
3	3	17	8	13	17	30	34	16	26
3	2	5	12	5	61	46	15	11	2
1	4	7	11	19	5	15	13	7	29
1	9	4	16	10	2	48	58	39	13
1	3	7	7	33	16	10	11	51	23
1	10	22	7	15	12	8	26	3	11
4	5	3	33	47	7	7	4	9	85
1	2	9	12	7	5	10	15	4	10
5	7	2	5	12	15	55	65	36	12
1	4	23	5	7	4	11	21	20	16
18	4	27	74	5	28	6	20	28	52
1	9	4	3	9	23	34	13	11	45
1	1	12	8	9	11	16	28	13	9
1	3	5	37	8	28	17	20	111	17
2	3	5	12	18	5	42	14	7	54
1	3	4	8	26	8	23	8	47	17
1	13	1	22	15	12	6	9	8	6
14	8	8	10	8	8	49	13	22	18
4	8	22	30	30	15	20	29	13	19
4	3	6	16	6	13	4	21	60	31
3	8	5	3	3	23	11	9	28	12
3	4	4	10	2	3	20	14	11	18
1	13	7	14	11	4	11	15	38	15
1	4	1	8	2	16	5	27	17	33
1	4	7	15	12	32	24	9	27	149
1	2	34	4	13	35	3	5	8	18
3	5	7	5	7	6	17	61	10	27
1	6	8	3	5	12	87	5	39	16
3	39	9	7	8	8	24	35	70	25
1	6	17	5	8	35	26	37	26	18
1	3	2	7	10	26	13	20	12	52
1	3	3	15	24	22	11	16	34	3
2	1	1	7	13	4	36	33	14	12
1	13	5	6	4	8	39	39	50	15
13	6	11	22	4	11	33	20	31	31
1	3	3	6	2	12	12	36	17	44
1	2	2	16	12	7	10	26	21	20
1	2	14	1	8	39	14	15	18	14
2	6	4	5	2	11	45	13	11	18
1	12	3	2	9	14	23	18	17	20
2	5	41	6	6	5	12	11	10	18
4	7	17	2	8	67	14	37	29	3
3	4	13	8	7	10	10	12	21	86
42	11	3	18	10	16	108	2	19	35
1	3	16	14	94	10	31	71	29	7
2	3	5	31	5	19	18	2	13	30
9	3	7	27	29	22	13	12	32	5
5	42	3	20	11	16	13	9	33	51
2	2	3	18	4	5	18	16	19	23
4	7	4	8	27	13	15	11	11	25
2	10	11	13	2	17	3	75	23	9
1	2	4	10	21	13	7	20	37	17
24	1	10	21	7	12	7	55	25	10
1	1	4	8	17	7	8	101	14	51
2	8	4	10	99	5	18	29	11	4
1	2	13	3	6	4	15	48	24	4
5	1	13	20	10	7	20	27	26	22
2	3	7	2	7	14	25	24	22	31
10	5	8	16	7	7	21	29	3	16
2	8	7	29	5	10	12	11	11	28
2	1	5	11	15	22	68	14	42	19
2	3	2	11	5	7	53	31	28	5
4	3	7	8	1	2	8	4	4	12
2	5	12	5	5	15	67	26	35	14
1	2	3	10	22	74	35	8	18	94
9	4	10	8	2	7	46	23	14	35
1	5	15	9	14	7	47	10	10	39
1	2	12	4	29	8	10	29	5	26
2	5	7	4	17	21	12	6	10	19
1	3	24	10	26	29	6	1	10	18
3	7	24	9	13	14	22	32	48	38
2	29	1	4	20	3	20	13	31	19
1	2	2	10	7	20	2	26	17	27
1	4	7	13	6	25	20	22	3	117
5	44	20	4	9	2	28	11	28	12
3	15	7	23	7	2	14	27	130	29
1	2	5	12	18	6	27	68	24	24
1	2	3	2	17	17	1	16	5	26
1	1	3	8	5	5	13	17	6	21
1	3	3	10	28	20	13	18	8	23
2	6	6	4	7	40	13	17	29	13
2	2	6	15	33	5	34	39	36	17
1	5	4	4	7	8	9	4	16	9
2	1	5	11	9	17	7	12	26	18
1	12	5	7	2	25	8	27	14	29
3	3	10	4	18	5	12	14	19	49
2	2	2	34	17	19	15	56	8	10
8	21	11	10	7	4	42	36	29	20
6	5	9	6	4	12	29	38	8	20
2	3	5	9	8	6	12	8	17	13
6	8	7	5	8	4	11	9	5	15
1	4	6	4	10	11	40	6	26	5
1	3	2	18	4	6	10	12	18	9
17	3	3	7	9	16	74	2	33	56
20	10	18	17	15	8	22	51	13	48
8	10	14	3	10	8	11	54	11	29
2	3	34	20	29	21	3	13	38	34
3	3	31	24	3	7	13	4	42	26
2	2	15	3	15	17	25	3	20	21
1	5	21	5	11	2	20	9	36	20
1	17	3	9	12	4	21	69	12	27
3	2	9	9	33	24	48	37	14	17
6	3	9	14	15	7	3	24	41	17
57	2	3	15	20	24	10	3	5	54
8	4	2	6	21	26	21	7	9	37
4	3	41	3	7	8	9	45	31	6
4	2	4	2	10	10	50	35	8	61
1	3	6	12	13	24	9	16	20	11
2	6	4	10	7	17	9	17	23	14
2	20	4	9	24	6	6	33	3	36
2	3	1	10	20	16	18	23	71	8
9	7	8	9	4	5	36	28	45	14
3	7	3	8	4	16	2	22	20	15
1	1	2	16	25	25	19	25	17	20
5	2	1	8	20	7	10	9	15	9
1	2	21	7	3	37	22	56	27	12
11	3	17	9	6	18	14	24	18	11
2	2	13	8	7	14	29	13	11	35
8	3	6	6	34	18	7	22	4	19
1	5	6	31	2	64	7	19	40	31
1	2	9	11	7	34	10	14	31	14
2	7	8	6	14	7	21	17	11	25
25	4	6	1	16	10	9	8	39	11
47	3	5	7	10	14	20	68	32	114
1	33	8	13	1	5	16	6	10	31
6	7	3	11	17	55	11	16	20	13
1	3	3	14	72	31	17	10	19	16
1	9	4	8	4	3	4	5	200	37
1	7	4	9	6	13	16	12	15	42
5	4	11	4	16	15	14	58	12	9
2	1	2	5	7	10	32	57	15	6
2	8	3	13	9	8	10	49	49	24
1	10	15	16	5	52	8	23	11	20
2	5	29	17	9	12	11	6	91	9
5	7	5	11	4	10	35	17	12	19
3	3	23	6	17	18	5	9	15	25
2	2	19	5	7	9	14	12	9	18
1	8	7	12	4	27	5	7	23	12
1	3	5	9	23	7	14	19	27	32
2	1	3	7	3	18	5	22	7	15
2	4	13	4	7	36	5	16	39	4
1	2	4	21	12	23	14	34	4	29
3	2	27	11	3	30	66	9	13	21
1	3	17	3	15	14	8	24	63	8
6	1	2	6	3	9	10	10	16	16
1	6	8	22	4	8	10	28	16	19
1	7	7	6	10	35	7	19	24	13
2	6	2	6	14	46	8	7	43	27
1	2	15	8	5	30	37	12	20	12
11	2	4	3	9	7	14	12	10	35
1	2	16	12	7	17	10	18	15	50
42	1	6	34	19	12	48	22	25	27
17	2	1	2	21	3	5	21	23	16
4	2	14	4	1	11	25	20	14	32
1	2	19	13	18	12	13	15	12	2
14	4	6	9	10	14	7	13	4	12
2	6	11	15	11	9	19	37	48	16
1	17	13	7	9	19	13	254	15	1
2	5	7	20	5	11	13	20	39	16
2	2	12	11	7	21	21	70	8	93
11	11	69	19	2	10	10	17	8	52
1	8	5	30	1	12	7	5	15	51
2	7	3	14	25	16	18	19	35	25
1	4	8	42	4	13	10	2	9	4
9	8	13	17	16	8	76	14	26	49
6	4	13	5	8	19	21	11	11	64
2	7	1	2	8	4	5	45	36	27
1	14	17	14	7	10	14	16	20	3
6	10	4	26	21	11	10	15	35	71
1	7	19	9	44	13	43	19	44	11
3	19	2	2	9	21	14	53	23	43
7	10	7	6	7	45	21	11	46	30
8	3	9	7	6	24	10	7	56	62
1	2	5	37	15	14	25	11	17	39
2	2	6	3	6	7	5	16	17	7
1	2	10	8	12	7	7	68	19	12
1	5	9	6	16	16	6	5	14	25
1	24	4	12	9	36	45	36	26	37
1	4	8	13	23	22	7	6	29	14
4	2	3	21	4	4	22	9	43	42
3	1	10	19	91	11	15	20	15	32
3	2	9	5	8	14	6	43	24	68
3	4	28	11	12	3	44	18	32	12
4	7	1	5	12	23	2	10	42	22
2	4	3	6	3	7	8	66	21	2
5	4	7	16	44	34	16	21	37	13
3	4	7	20	13	365	8	18	35	8
1	5	3	5	5	11	6	79	2	17
6	2	5	20	11	13	17	29	6	11
3	5	2	15	16	9	68	5	43	50
4	4	18	20	12	22	12	2	11	46
23	7	2	5	1	1	24	26	50	33
1	3	11	4	6	19	9	35	13	12
1	6	3	11	12	31	39	6	6	70
1	3	8	6	21	19	17	43	13	7
4	6	25	8	16	6	39	15	10	93
12	4	6	9	17	15	30	3	28	13
2	2	6	14	23	44	9	14	26	14
3	2	3	16	4	9	11	36	17	49
1	5	3	12	6	6	14	11	23	6
1	4	5	5	11	24	25	8	19	36
2	14	7	5	4	15	12	22	11	39
4	4	4	8	9	39	29	60	29	37
1	4	1	8	8	17	13	30	33	18
3	14	4	7	5	5	10	16	3	40
24	7	9	2	23	13	6	1	5	11
7	4	13	1	3	13	8	17	14	30
2	7	5	14	15	13	11	59	63	3
2	13	6	13	9	28	14	8	25	18
7	9	7	12	10	4	17	17	30	49
3	3	3	12	9	15	15	9	170	25
2	4	6	8	45	41	9	11	17	30
1	8	7	9	35	14	5	26	12	30
5	2	11	18	9	14	29	13	51	30
11	3	5	6	8	3	44	5	22	26
1	13	12	5	17	6	29	9	13	13
1	3	1	16	5	5	47	15	11	23
5	9	5	24	47	25	16	31	7	36
1	4	5	4	15	20	6	10	30	7
1	6	47	4	18	14	4	64	25	54
5	5	9	24	7	8	27	4	37	37
1	6	3	3	21	15	12	21	19	18
2	3	7	4	4	15	37	14	25	18
3	5	17	10	13	9	27	18	5	56
1	2	2	30	7	10	61	12	33	36
2	3	7	8	12	16	13	37	12	15
2	2	6	2	17	11	11	26	96	79
5	6	3	1	6	15	63	13	25	17
6	6	15	13	11	3	8	22	11	35
1	4	30	11	1	7	13	6	38	38
2	6	11	9	6	17	14	13	57	13
2	3	12	15	18	23	17	5	46	1
15	3	13	7	4	31	3	19	15	6
2	9	11	7	10	12	13	23	27	33
4	2	3	1	12	8	4	36	35	21
7	10	9	5	18	11	14	22	31	10
1	1	4	41	6	27	5	16	18	32
6	9	21	25	3	83	10	8	93	15
6	17	6	4	8	23	17	2	24	18
5	5	4	4	43	11	12	21	18	25
2	5	15	11	24	16	14	23	19	10
2	49	2	6	3	5	9	76	32	39
1	2	7	16	6	3	18	9	44	139
2	4	3	18	28	6	14	9	17	23
8	2	12	8	10	34	66	14	59	8
1	13	16	14	17	36	16	15	6	24
2	3	11	27	27	16	28	61	9	34
5	5	3	4	42	28	13	34	34	18
2	5	5	12	11	10	7	13	24	6
4	4	9	33	25	8	3	13	8	29
8	1	1	19	7	27	13	38	46	33
7	2	1	8	8	7	27	30	15	16
2	2	5	6	20	12	54	5	81	12
1	6	8	15	42	25	18	22	15	79
3	3	3	5	9	13	12	24	31	61
1	3	15	10	30	3	36	19	31	29
2	3	8	5	10	10	33	22	35	26
1	3	37	11	8	6	21	21	16	10
1	2	12	14	8	20	88	4	13	15
1	2	8	9	8	25	6	39	30	45
1	2	2	6	32	13	25	21	57	31
1	4	7	32	5	10	8	27	40	60
1	1	2	7	6	7	8	14	28	43
1	4	6	4	17	9	16	1	10	21
8	2	17	6	9	7	11	18	26	13
1	1	5	5	9	3	15	153	14	19
1	12	6	3	4	2	11	14	31	20
1	9	14	6	15	57	22	53	32	35
5	9	3	7	19	19	10	11	6	32
1	6	14	4	10	9	9	22	13	71
13	2	3	2	7	9	31	28	57	14
1	7	14	6	28	3	8	20	49	35
5	3	4	3	7	173	34	5	7	10
3	21	32	70	4	14	17	4	25	54
84	2	5	6	19	4	8	17	47	2
1	3	37	8	8	22	4	15	4	65
3	4	12	14	12	15	9	25	25	15
5	2	7	40	7	7	33	22	9	44
1	25	6	5	24	12	1	12	19	9
2	15	20	6	19	15	100	4	52	29
2	3	4	4	11	32	8	15	21	58
1	3	5	4	4	9	4	8	13	6
4	3	7	10	13	32	30	4	48	30
6	7	3	6	9	14	14	25	2	6
1	13	12	7	34	2	24	15	41	15
2	6	2	10	6	26	12	8	20	61
1	17	1	21	11	3	12	11	26	23
1	5	4	9	4	20	9	9	7	13
1	2	6	10	11	13	21	39	22	16
1	2	2	1	12	9	18	16	13	20
1	2	7	75	32	11	3	24	30	8
1	6	10	15	28	12	15	19	45	27
2	1	7	20	11	12	6	1	13	13
2	3	18	1	6	21	10	138	13	18
1	1	3	3	20	13	19	5	7	37
1	3	2	9	16	18	16	13	18	8
4	1	4	8	28	27	10	19	61	28
6	2	4	2	6	12	6	34	64	33
1	9	18	16	9	5	5	15	34	29
1	2	2	10	7	6	19	20	18	17
4	5	6	23	9	7	22	12	16	1
3	2	7	4	6	11	36	15	4	14
1	3	5	11	5	15	6	8	16	68
1	2	8	7	3	15	5	23	42	29
1	6	4	4	4	14	15	41	36	60
1	3	8	14	5	2	9	18	14	13
3	3	5	21	19	16	17	13	30	11
2	5	4	5	5	18	12	19	26	15
8	4	1	25	7	9	25	8	35	4
1	6	2	18	6	16	48	8	12	14
1	3	16	2	6	7	25	15	9	13
1	2	10	7	7	17	8	15	23	23
1	3	6	8	10	6	35	50	49	13
1	19	12	3	5	4	10	17	10	49
2	14	7	5	17	18	18	43	38	7
2	4	2	7	10	18	5	47	5	4
3	5	5	8	28	14	23	16	48	42
4	2	3	23	4	13	18	7	2	12
1	1	43	9	11	20	9	14	15	22
7	3	6	5	7	20	8	9	4	30
1	3	7	23	42	18	8	22	18	13
6	14	2	14	16	5	14	19	65	40
1	1	5	13	14	22	3	1	5	20
1	2	11	8	21	13	5	17	18	11
1	1	4	5	18	18	34	14	34	3
1	5	7	9	12	13	50	9	24	42
7	4	3	18	19	3	16	42	33	28
2	5	2	2	3	15	22	25	20	5
3	4	7	7	16	83	64	37	6	22
1	3	2	21	14	20	9	10	27	8
3	2	21	7	7	5	8	9	9	16
1	1	3	18	31	25	4	7	42	18
1	1	3	12	23	16	15	15	113	23
9	1	16	35	58	14	11	25	30	17
3	3	5	4	11	15	16	18	99	30
1	6	9	16	6	16	7	3	10	9
3	7	7	7	20	7	10	11	3	20
1	4	2	4	12	2	18	19	11	6
1	1	7	17	22	18	21	14	11	3
1	10	5	8	10	2	10	10	19	25
5	3	50	27	18	13	21	20	7	27
1	3	5	6	13	7	22	14	34	45
5	8	3	5	8	28	12	16	27	13
9	5	6	7	6	19	5	28	41	102
2	3	13	25	13	81	14	28	13	10
3	4	8	7	7	5	25	24	15	16
2	3	7	7	4	60	15	4	25	10
5	4	2	49	32	32	2	4	7	17
4	7	7	14	2	47	11	2	16	40
4	4	2	8	7	12	20	24	90	22
7	2	4	21	44	7	8	11	15	4
8	3	5	6	7	9	21	9	11	3
6	7	8	30	17	18	26	13	25	15
3	3	13	7	23	4	19	17	10	12
4	9	8	5	11	10	29	8	31	6
1	6	11	16	9	12	19	21	38	10
4	17	40	7	2	10	27	29	57	17
1	5	1	10	13	9	40	12	13	15
6	1	8	7	5	60	19	27	13	40
1	2	11	30	26	17	28	20	14	15
2	2	35	23	10	20	16	14	19	41
3	13	15	7	29	1	10	17	8	10
1	3	12	75	10	5	11	74	5	8
1	17	5	12	14	26	6	68	37	22
4	1	27	13	38	6	15	54	61	25
4	2	11	5	10	3	2	15	10	14
2	27	4	14	13	20	3	13	9	40
2	28	2	1	7	3	83	22	33	33
3	3	22	5	14	11	5	11	3	4
1	8	14	6	6	20	18	52	28	9
3	2	29	2	8	3	2	20	12	66
12	2	16	5	80	13	6	53	24	21
1	3	16	7	15	6	32	33	29	57
1	7	1	10	18	3	16	31	24	20
4	6	9	5	6	79	19	27	44	23
2	4	10	4	9	20	51	26	46	2
1	1	7	12	8	13	8	19	36	12
6	5	63	2	36	18	21	29	78	18
2	5	1	4	18	16	18	54	101	19
1	2	15	9	5	3	7	60	15	15
4	6	10	7	9	10	27	5	63	28
2	6	6	8	5	14	193	21	59	22
4	4	13	2	15	7	23	19	30	19
1	2	3	9	11	9	12	48	14	22
3	1	18	13	3	6	8	8	12	35
6	9	3	15	11	13	17	93	11	31
1	3	20	24	8	23	8	7	15	59
1	4	8	45	17	18	18	10	30	2
1	3	4	12	3	9	32	10	18	18
1	6	20	11	11	11	26	11	46	15
1	3	14	12	23	10	15	41	10	24
4	3	15	1	1	8	44	12	18	16
5	46	6	6	6	1	27	11	21	14
3	4	23	6	15	10	29	23	29	25
1	2	7	6	2	13	17	12	4	19
4	4	5	10	38	4	9	9	24	3
1	2	7	10	9	10	23	27	47	19
6	4	7	15	3	2	12	39	33	12
1	1	7	8	4	8	22	9	49	12
1	9	9	8	1	16	3	5	17	10
11	15	18	16	16	10	16	38	13	8
1	7	2	5	25	18	48	10	1	24
2	1	64	19	9	9	8	16	29	3
1	2	14	6	5	18	5	9	9	17
22	4	10	2	7	21	29	54	71	15
2	8	6	3	5	2	5	23	4	44
1	1	6	6	24	14	32	28	24	23
2	2	5	1	3	9	10	12	22	34
1	5	6	3	6	28	31	8	53	8
1	2	7	5	1	6	33	11	20	42
1	2	7	7	16	6	31	12	21	51
1	13	13	17	14	16	24	29	11	32
1	19	21	6	9	8	38	4	11	13
1	6	11	20	8	13	24	27	17	54
10	2	6	33	7	6	6	27	35	42
2	5	7	25	5	7	10	24	26	13
2	8	2	8	32	6	17	26	11	37
2	2	1	16	9	4	36	13	1	11
1	3	22	14	11	15	8	87	19	13
2	3	16	9	15	16	3	1	10	25
1	6	15	11	5	13	41	26	12	13
2	2	4	11	40	53	20	8	15	16
1	12	4	15	6	16	24	32	11	50
3	5	5	2	7	15	19	23	17	13
3	3	8	7	26	13	23	8	49	57
2	2	4	7	2	11	17	6	7	18
2	5	5	3	26	16	82	26	37	70
1	5	6	5	6	3	2	38	69	18
5	5	2	5	7	16	18	15	64	55
1	2	24	5	3	55	11	6	18	11
5	1	7	15	12	12	12	14	8	8
21	7	9	11	36	5	2	14	27	15
3	2	16	2	33	16	11	17	17	28
5	15	46	6	13	12	3	5	11	96
2	1	4	16	24	5	46	13	23	15
1	18	9	5	5	11	17	6	8	14
7	1	11	30	11	17	24	17	5	13
1	7	7	14	5	14	5	20	5	9
2	1	2	13	7	12	23	16	6	23
1	2	12	8	8	25	25	19	23	3
1	15	4	4	6	38	7	3	10	17
3	15	4	6	10	9	11	44	31	5
2	6	24	4	10	10	21	13	67	6
8	2	1	7	19	12	5	15	8	13
2	5	14	28	6	2	10	20	42	30
4	20	4	26	31	14	6	7	43	10
2	7	4	4	1	36	24	14	11	39
2	22	10	6	4	29	14	14	9	40
1	4	2	5	17	12	8	12	2	7
3	2	7	23	8	52	21	21	19	9
1	3	3	6	15	9	4	13	22	19
1	1	8	6	12	28	24	7	11	24
1	11	5	6	3	7	20	17	7	1
1	19	3	11	13	13	19	43	45	19
1	11	4	12	11	27	17	16	38	17
3	5	4	2	18	9	9	10	37	21
4	6	7	3	15	6	3	47	14	45
7	4	5	16	16	6	8	6	30	18
2	5	21	7	4	5	4	10	33	14
1	15	3	28	9	5	50	9	18	9
5	2	6	4	8	18	14	12	47	88
1	5	8	20	14	14	13	15	10	30
1	2	1	13	16	27	8	20	35	18
2	1	2	26	11	25	4	8	43	83
1	4	5	17	9	10	9	14	28	10
3	2	3	12	54	9	13	12	16	3
3	16	20	15	7	16	13	25	12	10
1	2	6	6	22	38	17	60	18	10
5	6	5	4	10	27	15	30	19	40
1	1	3	8	51	15	36	16	10	15
1	3	3	2	5	10	27	15	29	34
1	3	5	2	16	5	13	12	6	46
7	2	8	12	4	2	5	14	41	39
1	10	3	15	38	7	19	19	14	40
1	6	7	10	28	6	15	2	47	33
13	3	24	5	21	7	2	2	9	25
3	2	4	16	2	15	11	27	59	24
3	12	4	2	5	7	7	18	78	5
1	12	4	25	38	22	21	16	2	3
2	4	20	6	4	16	26	23	37	41
2	1	2	20	9	13	16	11	8	38
2	2	4	4	37	35	41	21	23	19
1	2	7	5	4	27	26	30	9	38
1	12	8	16	18	8	10	20	56	9
2	4	20	12	18	24	24	23	12	24
3	3	9	8	60	9	11	22	21	19
4	1	11	11	1	13	71	24	8	14
1	19	6	19	37	88	12	13	71	13
1	7	3	8	1	5	20	7	32	18
1	2	4	6	5	9	8	10	14	28
7	5	9	8	33	9	1	11	65	50
1	1	4	9	17	17	44	29	29	30
4	4	14	12	40	13	11	40	27	15
6	29	6	10	5	34	44	17	43	26
2	5	4	11	19	28	3	39	45	31
1	4	4	4	14	7	17	4	10	7
16	4	28	14	6	21	1	8	27	50
9	6	4	23	3	16	10	8	23	12
