1 NN	2 NN	3 NN	4 NN	5 NN	6 NN	7 NN	8 NN	9 NN	10 NN
2	12	7	4	7	15	13	14	21	54
1	5	25	8	7	14	14	10	31	45
2	14	7	2	11	30	12	21	17	82
5	11	4	10	6	5	9	24	14	7
2	10	5	17	38	15	11	8	32	46
5	6	4	22	4	11	12	8	12	19
8	42	3	28	8	14	54	10	6	17
4	13	16	4	18	11	9	37	15	32
8	7	17	37	6	7	48	34	50	20
7	5	35	16	5	24	34	11	25	43
24	6	5	16	6	9	20	45	18	33
2	8	13	29	11	23	7	64	42	12
1	33	13	3	46	21	19	167	53	7
2	8	6	11	13	4	49	57	34	20
12	3	12	3	19	59	15	22	20	11
2	7	10	1	43	10	12	43	45	19
1	8	6	41	4	20	7	38	32	55
2	8	9	39	8	3	12	12	12	8
4	2	24	17	27	21	29	3	58	9
3	3	36	12	17	20	32	44	20	48
1	7	8	8	8	17	5	10	12	4
4	10	5	19	20	14	13	38	16	8
42	3	1	10	30	17	23	10	8	35
12	17	1	7	73	44	26	34	10	3
2	19	8	8	21	14	18	73	54	24
3	7	9	3	6	8	17	20	14	19
9	10	5	4	21	6	25	8	2	29
5	11	7	6	26	5	25	7	7	38
3	8	6	7	16	22	10	14	88	26
2	9	6	4	34	10	4	20	41	54
4	5	3	18	9	16	20	23	16	55
2	3	5	12	18	11	29	9	12	22
3	3	26	5	15	21	39	21	47	10
10	6	5	5	10	19	6	15	61	12
2	2	13	9	13	8	30	21	23	38
2	2	4	5	7	12	18	65	55	36
5	11	11	4	24	12	17	62	35	27
8	6	7	8	15	10	30	19	3	9
2	95	9	5	17	22	36	22	16	62
7	4	6	8	12	25	16	9	10	31
11	3	16	18	18	9	31	10	31	78
1	21	17	5	5	2	8	16	24	49
1	4	10	14	6	13	44	8	30	46
1	4	9	3	6	23	52	13	35	15
2	7	6	7	49	11	12	15	9	13
41	4	10	21	26	20	18	11	6	6
4	1	5	8	10	27	7	25	45	15
2	7	5	20	13	10	42	10	37	44
1	11	9	12	16	17	88	18	39	28
2	10	3	8	9	12	30	98	56	19
9	9	28	11	8	21	18	14	160	14
5	6	14	15	19	87	34	20	20	16
1	5	18	30	6	63	19	41	31	40
4	27	5	16	2	14	28	4	61	56
1	12	13	15	18	6	10	25	21	62
23	5	6	65	17	18	28	24	22	30
1	3	17	5	7	3	8	10	1	15
2	6	9	8	55	7	11	24	64	20
5	2	7	9	33	18	16	25	52	4
3	6	18	15	14	50	8	14	29	19
1	3	19	7	57	68	10	10	30	50
1	4	21	13	14	29	11	37	63	193
1	7	16	5	19	10	17	30	17	25
3	3	7	19	6	27	16	10	27	16
2	3	31	11	24	16	17	14	36	39
1	5	10	14	87	61	47	42	21	40
10	27	4	11	14	43	10	33	29	29
3	3	5	14	9	13	18	30	24	38
12	3	6	7	32	9	93	27	91	9
7	10	5	4	7	6	13	19	12	13
1	2	10	3	20	8	22	11	52	59
2	6	8	8	5	7	10	69	18	44
2	7	5	11	16	37	11	16	13	29
11	15	3	10	7	9	7	15	8	19
6	1	7	5	21	19	1	12	26	38
5	3	11	15	11	18	70	16	43	10
1	11	9	12	13	25	88	30	5	22
5	17	18	6	22	4	24	33	29	27
2	5	25	45	43	56	35	9	7	18
1	4	22	24	8	6	15	3	35	15
2	32	8	6	9	12	9	11	6	11
1	6	14	15	41	19	33	16	13	38
1	13	6	26	39	15	68	62	24	9
3	2	35	14	9	29	8	12	15	5
3	6	12	20	2	3	16	8	51	23
3	3	1	17	20	32	12	33	14	21
2	2	2	5	30	5	7	13	26	85
1	9	20	18	11	13	40	15	24	30
1	38	14	21	16	30	24	14	31	24
2	7	3	10	5	11	12	18	17	59
7	5	11	17	5	7	17	20	23	19
113	14	17	20	16	27	14	6	25	32
2	3	8	11	26	8	10	39	37	55
2	5	11	7	14	14	27	48	36	10
2	3	7	38	31	31	31	19	16	41
3	14	28	6	3	13	5	46	18	31
1	4	12	4	16	104	22	7	49	20
1	5	6	2	18	7	26	9	28	8
3	4	16	2	10	24	2	18	40	41
1	5	6	42	9	11	53	22	45	8
31	2	15	5	21	18	40	11	37	20
2	4	28	22	46	9	11	24	12	3
7	6	1	23	10	13	21	63	23	62
2	13	6	6	8	21	34	4	10	33
1	3	4	12	8	22	13	50	8	17
1	12	33	9	10	38	21	10	18	30
2	4	4	6	46	89	33	60	25	17
6	7	16	16	27	8	42	5	53	32
1	6	4	5	13	52	12	11	19	64
16	3	6	18	3	13	41	25	25	45
3	2	6	10	15	20	8	9	19	22
3	4	18	4	12	41	6	75	27	14
2	18	3	3	19	19	44	14	58	30
1	3	8	8	8	44	50	27	62	11
2	7	11	14	7	3	8	4	22	54
3	3	14	11	22	12	8	7	9	18
6	4	6	8	17	22	12	49	12	62
4	12	30	5	5	27	26	24	8	7
1	5	21	7	17	32	27	40	23	36
1	2	5	15	55	12	16	11	21	45
1	12	3	10	18	6	25	10	68	20
1	15	6	6	34	15	13	6	15	46
1	3	3	4	12	37	17	30	8	5
5	3	5	78	20	12	11	3	27	15
7	3	7	4	13	11	24	5	59	14
3	5	14	10	9	9	29	15	5	3
2	13	5	39	17	30	30	8	13	12
10	4	14	20	15	16	27	34	25	17
5	2	26	7	10	45	23	13	20	13
1	2	8	14	29	6	8	14	10	13
29	8	3	10	21	17	58	32	23	4
14	4	14	23	9	28	47	21	13	16
4	6	23	6	5	10	48	21	15	28
1	6	5	5	5	8	11	92	22	42
2	9	8	7	10	18	5	9	14	9
1	9	4	23	16	6	28	14	21	27
10	3	10	8	11	11	14	46	15	67
2	5	5	25	12	23	14	14	35	62
4	6	12	9	15	20	12	21	22	15
4	2	18	6	10	80	11	30	15	20
1	5	33	7	4	21	30	22	59	18
2	1	9	6	8	3	34	52	141	10
2	4	5	8	22	18	10	30	38	27
4	4	6	11	46	5	9	11	26	27
10	2	10	3	15	50	9	25	11	53
3	3	56	9	13	7	39	8	20	28
2	3	10	17	38	22	1	95	9	76
7	7	33	18	34	18	23	13	20	81
1	9	13	5	29	19	41	34	40	75
2	11	8	3	11	3	47	72	19	18
27	11	7	7	7	23	28	9	58	36
2	20	7	13	19	7	16	22	23	23
4	2	11	8	55	15	61	39	14	171
1	4	6	10	7	22	20	31	18	40
1	3	7	15	25	18	82	28	83	16
2	4	5	5	1	18	13	17	5	246
4	5	2	8	51	12	3	14	55	34
1	2	9	16	24	24	27	62	25	23
2	15	3	29	11	19	63	33	37	25
1	8	7	24	34	50	14	21	5	69
3	7	4	26	1	44	26	33	23	16
1	3	11	19	19	36	8	11	20	14
2	1	17	16	8	4	11	64	4	72
1	4	32	6	24	21	89	29	14	25
3	6	7	6	9	4	17	18	19	32
2	10	8	8	10	16	22	31	23	13
1	4	29	18	12	11	9	28	44	30
1	8	9	19	22	8	27	24	35	41
1	2	5	11	10	19	32	10	13	11
2	3	9	7	78	13	33	14	27	17
5	5	27	6	82	10	20	25	23	25
3	13	3	8	31	13	25	17	31	10
1	4	3	5	29	21	6	23	23	37
6	3	5	13	40	12	27	4	27	22
1	4	5	8	27	18	12	3	79	2
1	5	9	8	14	20	8	85	15	13
1	7	2	13	25	16	42	11	17	20
16	9	15	57	27	16	27	11	3	48
3	2	7	7	8	57	27	22	22	10
2	8	7	6	10	5	51	15	50	24
1	22	21	12	10	22	40	34	23	6
11	6	6	8	8	33	24	24	20	67
3	4	1	8	16	8	27	77	39	39
5	2	9	10	7	8	10	40	21	56
1	2	9	3	22	27	16	13	9	22
3	7	6	4	26	27	18	83	13	16
5	12	2	2	20	19	8	117	37	28
13	3	13	52	11	5	21	22	8	23
5	4	13	30	13	11	28	11	22	20
10	4	5	26	7	27	35	28	1	30
3	3	11	7	9	48	12	3	14	50
1	2	4	11	6	47	12	8	103	56
6	1	25	6	3	19	30	7	18	43
22	1	5	16	6	72	11	10	13	10
2	3	6	5	21	30	31	18	40	22
14	14	9	18	6	18	23	15	29	46
2	3	39	30	15	10	36	17	17	20
13	21	15	11	5	16	72	58	29	14
6	3	7	11	17	34	7	52	10	12
5	8	15	5	17	24	9	24	16	35
1	5	4	5	13	41	25	28	11	4
11	20	18	11	6	41	30	9	50	31
4	13	8	13	17	31	24	41	14	49
1	3	6	18	6	13	107	14	70	5
2	10	10	108	7	14	6	133	19	34
6	7	10	36	3	17	13	18	24	37
1	3	4	2	11	11	16	21	123	14
1	11	3	10	13	57	8	14	33	40
4	5	11	9	52	7	8	30	28	32
5	17	13	7	2	10	13	20	46	6
5	2	4	14	28	10	18	30	20	47
1	12	5	9	17	36	1	30	24	28
3	7	10	15	12	10	6	7	62	45
1	22	21	3	41	31	19	74	26	15
2	3	8	25	16	9	28	36	3	23
2	7	5	11	7	159	25	14	11	152
3	17	5	14	13	10	24	24	27	30
2	2	3	19	10	11	13	13	34	4
2	3	11	4	38	39	7	31	19	18
2	7	17	28	7	20	23	14	40	57
3	4	8	9	20	36	15	20	25	20
4	5	5	19	6	21	48	12	23	27
1	5	25	6	16	14	18	101	32	13
5	8	6	9	30	20	29	40	15	20
8	12	4	25	12	24	25	14	18	3
5	8	20	7	7	13	13	10	14	22
1	6	4	7	17	19	12	23	47	16
4	7	10	18	12	17	4	27	30	75
3	2	14	32	4	32	24	13	8	28
3	4	12	17	21	7	10	28	18	98
2	14	6	8	57	3	8	14	6	23
3	5	8	24	4	30	106	12	21	70
8	7	1	5	19	22	15	6	19	13
1	7	5	17	5	16	36	51	69	65
6	4	3	10	19	10	2	41	58	12
1	1	42	42	24	2	26	52	25	31
8	7	3	9	13	34	25	29	26	17
1	1	6	10	33	38	9	50	18	48
10	47	19	23	15	13	15	22	17	136
2	5	3	36	16	70	11	37	24	7
2	10	16	9	14	15	2	29	27	38
8	11	9	16	55	35	32	15	13	13
3	1	9	21	7	8	17	77	42	134
3	10	7	43	9	13	24	61	30	10
3	2	7	10	14	35	20	33	59	87
1	8	24	6	12	25	19	10	19	42
2	13	6	5	18	11	27	18	14	22
1	11	3	5	14	24	17	43	17	30
1	13	5	6	12	23	14	23	36	14
1	4	6	13	60	24	11	30	23	31
7	8	9	2	8	62	14	28	9	17
2	58	4	10	47	58	6	8	35	28
1	19	7	8	19	9	13	30	12	11
2	23	4	11	26	11	11	45	7	23
16	7	12	4	9	11	80	47	16	31
1	5	31	15	2	12	37	23	6	41
1	3	38	27	18	16	26	13	37	59
1	1	7	9	19	36	15	39	80	8
3	3	38	9	7	21	10	7	14	48
1	17	3	41	25	9	50	29	25	48
8	5	22	11	9	20	21	21	35	80
3	7	5	15	15	54	1	8	11	14
2	19	4	4	23	20	15	14	13	22
2	4	16	34	18	14	85	12	131	71
8	2	7	4	8	7	34	53	54	22
2	13	8	10	34	12	60	55	24	31
2	2	25	10	8	11	24	29	11	3
2	9	35	7	6	7	21	14	15	9
1	5	8	14	11	23	10	36	26	24
4	1	3	17	17	6	10	35	36	15
1	15	11	18	29	16	22	10	8	34
1	29	9	22	8	7	77	24	16	22
3	3	4	5	4	22	10	17	31	32
1	6	41	11	25	17	5	27	4	34
3	11	4	18	33	11	2	10	57	38
21	15	13	74	9	12	18	60	47	63
1	3	4	23	21	8	17	74	38	20
2	4	20	20	12	40	31	19	35	48
2	45	6	22	19	25	10	15	11	59
4	3	6	9	75	12	39	15	12	19
3	2	22	2	8	33	27	16	8	15
1	4	6	17	15	27	9	15	22	25
9	17	5	5	17	68	40	17	39	12
2	6	13	56	275	35	14	1	52	41
5	6	3	11	23	18	12	18	149	19
2	4	8	8	14	6	35	24	10	46
1	3	2	17	20	58	45	7	8	3
2	9	19	17	8	9	13	44	9	20
1	3	13	12	17	18	27	21	8	26
1	12	6	28	12	5	11	8	39	43
22	2	9	8	3	29	12	37	14	30
8	18	9	8	13	6	16	10	10	23
1	1	8	11	5	11	14	12	15	7
6	23	5	17	14	7	37	14	42	154
3	6	15	26	63	23	13	54	5	27
3	3	4	16	10	11	11	32	104	63
3	6	4	11	13	39	20	6	18	23
1	3	14	14	16	4	17	13	11	55
1	4	10	9	24	15	23	29	8	30
1	13	25	13	9	18	13	32	82	14
1	2	10	24	18	21	31	6	8	27
2	10	5	7	3	14	14	28	47	15
4	35	3	5	8	48	17	14	26	22
2	7	11	29	2	4	25	24	10	23
4	33	6	19	39	26	18	36	10	21
2	2	13	13	10	19	10	23	56	210
3	2	4	9	11	24	18	85	33	11
2	8	11	22	24	20	20	17	5	34
2	9	7	8	6	17	6	24	13	14
1	2	22	43	7	6	33	7	12	11
9	6	7	5	20	10	35	10	14	22
2	3	4	13	17	45	6	28	37	81
20	10	9	5	9	22	21	18	64	30
5	8	6	18	32	47	15	13	11	6
1	8	7	17	47	13	21	15	73	14
1	21	4	6	2	18	4	34	13	109
6	4	19	5	11	10	35	12	61	44
1	12	3	16	54	15	25	4	14	38
3	13	5	13	22	17	10	13	20	25
1	7	2	14	25	21	9	10	15	34
5	8	5	24	14	30	19	16	22	28
3	9	21	10	28	41	24	10	22	36
5	10	3	7	3	8	15	7	15	26
7	67	18	39	5	16	10	29	28	20
2	3	17	9	31	25	11	29	24	20
2	4	4	9	15	11	31	13	10	33
15	2	11	4	14	12	6	26	21	34
9	4	9	7	147	8	5	15	15	30
2	2	7	8	13	31	48	46	22	9
4	3	4	10	17	25	33	12	46	40
1	40	7	22	28	15	8	200	18	65
5	5	10	14	6	13	39	62	28	14
2	4	8	13	5	29	6	25	11	59
5	5	23	17	8	11	14	16	36	37
1	17	8	5	20	8	18	19	25	15
4	6	3	6	13	15	13	37	31	16
4	28	3	24	14	28	16	25	15	37
3	3	7	10	12	7	24	16	36	57
36	15	3	25	40	11	38	17	27	121
4	8	4	22	11	16	15	24	12	40
3	5	2	15	7	27	87	15	12	26
4	5	4	10	14	4	3	11	18	43
3	28	52	2	7	5	7	14	77	33
4	2	8	3	19	12	8	27	22	11
9	2	21	38	8	9	8	9	55	33
2	6	7	49	12	20	40	20	57	39
5	2	11	9	13	19	84	10	22	60
2	15	11	5	23	32	13	14	31	36
10	5	6	9	14	17	9	20	43	39
1	5	21	4	15	13	17	1	23	4
4	9	9	11	9	35	22	3	43	59
3	4	2	4	23	11	9	32	26	8
14	6	1	15	10	10	18	46	19	15
1	14	19	15	9	12	43	37	11	17
2	6	7	7	6	12	16	27	20	12
2	8	16	12	12	24	16	34	37	77
1	2	14	2	8	19	11	19	16	14
3	19	3	17	58	13	5	6	25	45
4	1	8	4	32	26	24	36	19	52
4	2	16	5	99	67	40	16	15	33
1	11	8	4	41	10	15	22	15	40
4	21	22	28	15	16	21	13	32	69
25	3	3	32	15	7	16	27	27	16
6	8	3	7	6	27	16	14	65	15
4	7	8	6	17	10	140	11	37	88
2	9	27	11	23	8	13	18	2	13
5	2	17	16	13	28	11	17	49	22
4	2	17	7	27	4	19	34	19	41
4	2	13	1	17	4	33	22	23	53
5	4	14	15	18	22	36	21	54	27
1	7	21	5	21	17	40	24	19	29
1	6	20	10	25	7	4	16	13	28
2	14	11	27	6	18	50	21	24	24
3	2	26	14	11	10	8	33	16	31
7	4	7	6	25	17	12	18	20	7
3	6	45	34	17	7	8	21	27	56
1	3	10	13	15	66	52	14	22	17
7	4	8	12	4	11	10	29	23	42
7	8	7	10	15	6	11	49	32	26
5	13	25	49	13	63	22	12	16	48
1	4	6	22	57	24	11	12	8	41
6	3	13	9	8	14	34	38	14	11
3	10	8	5	25	2	26	15	36	73
5	7	9	11	12	8	18	40	16	23
3	10	6	3	140	11	47	8	30	36
1	2	12	11	38	49	24	14	11	16
11	1	5	34	41	41	19	18	17	25
2	2	4	13	7	14	14	20	87	38
1	15	6	19	13	59	21	24	24	41
6	3	4	9	22	27	21	21	15	14
6	4	55	18	17	27	25	24	186	54
1	2	10	9	14	48	30	15	42	44
1	9	27	3	3	10	20	7	32	20
1	7	3	13	7	60	12	44	30	36
5	5	5	12	22	34	21	196	35	27
2	3	1	12	3	6	14	31	67	21
2	8	5	17	17	15	70	9	83	13
4	13	37	24	9	29	4	9	178	32
1	15	8	9	34	5	10	28	12	11
8	1	7	33	20	11	66	22	42	30
1	5	9	27	28	41	25	35	26	41
6	5	4	13	9	7	6	25	58	7
1	5	8	6	24	10	11	7	22	21
1	14	9	13	33	37	19	9	32	11
1	9	3	11	11	70	11	20	35	22
3	1	19	4	31	34	20	46	45	32
6	8	10	8	12	38	18	19	83	26
1	13	3	4	96	6	11	26	4	13
7	10	12	5	8	6	16	12	23	27
2	15	13	16	12	11	29	66	99	16
11	3	6	106	9	27	34	31	11	7
10	23	5	1	35	19	35	14	57	31
1	20	6	23	18	37	4	2	21	22
1	2	5	5	24	8	28	24	10	26
1	4	6	12	3	17	119	15	19	13
2	6	2	16	24	46	38	7	6	50
2	2	5	5	5	10	46	28	178	11
1	60	4	12	9	51	18	20	25	18
4	8	14	13	11	14	19	7	24	47
6	15	3	15	22	15	39	16	29	29
3	2	3	9	15	18	26	18	29	22
1	5	24	12	7	8	36	138	9	17
16	6	15	10	31	9	25	9	34	22
2	21	10	16	50	7	15	65	5	74
4	4	3	4	14	43	48	12	57	74
3	4	12	15	15	19	10	69	65	17
1	3	3	6	12	6	38	68	12	55
7	4	15	4	27	8	57	32	11	41
8	9	4	7	7	6	27	33	18	34
2	29	3	15	4	7	9	21	93	34
1	2	3	26	5	19	88	12	12	36
7	2	10	11	16	15	15	49	9	26
2	9	5	12	8	69	7	14	21	31
31	1	12	16	7	10	1	15	108	75
1	2	6	7	49	9	4	13	18	58
2	14	6	13	12	11	9	105	80	15
36	7	13	8	14	24	31	2	24	32
4	9	2	11	10	40	12	12	25	10
1	2	23	8	28	12	15	1	17	23
6	6	19	6	20	15	7	35	24	42
2	3	10	16	7	30	34	53	160	28
5	2	7	11	11	21	30	6	24	16
3	10	29	1	8	4	8	8	39	12
7	2	47	44	75	17	19	24	11	8
2	10	3	16	28	2	10	14	50	22
1	23	3	11	15	47	28	21	16	20
3	5	15	8	11	31	26	7	11	18
4	2	9	43	6	67	22	13	51	34
1	4	16	6	13	11	17	18	21	26
1	10	18	12	7	31	17	73	25	88
11	5	10	4	15	10	25	26	39	50
3	1	14	17	7	10	80	75	48	14
2	3	3	6	35	51	8	10	35	6
3	15	45	28	28	18	13	5	23	12
1	3	5	16	40	19	19	12	17	96
16	5	16	17	23	35	26	51	53	14
2	4	4	31	5	3	3	20	12	13
5	14	30	19	12	16	8	26	68	38
4	2	3	34	17	19	13	36	31	22
5	3	42	4	7	19	9	78	8	9
1	5	15	10	16	47	48	57	14	34
1	3	6	2	4	7	25	10	18	58
27	7	3	7	15	5	10	29	24	7
2	3	4	26	45	12	56	61	14	19
4	11	19	25	17	15	8	96	10	17
5	6	69	14	11	1	26	24	110	17
1	7	9	14	11	7	112	67	35	10
2	2	7	27	18	15	12	6	8	36
2	2	10	15	35	6	8	28	39	78
2	9	21	16	77	18	15	8	17	38
7	5	10	13	17	23	33	10	25	53
1	2	22	12	2	7	11	36	37	37
1	20	9	13	6	1	17	10	152	32
4	7	8	19	17	27	8	16	2	11
2	11	2	7	21	10	10	25	13	53
1	2	6	6	25	12	20	19	8	58
9	3	3	22	28	10	17	19	13	19
2	4	10	22	20	9	18	10	47	23
2	14	9	14	5	11	24	29	14	29
3	6	19	2	17	58	32	14	3	22
6	13	6	21	5	18	8	17	35	21
9	4	8	9	9	10	6	21	48	18
6	1	7	5	18	11	14	25	8	20
4	5	6	2	23	33	5	11	34	23
2	1	47	2	8	2	16	19	22	12
2	5	14	7	3	8	44	7	89	32
3	5	27	4	9	5	34	17	9	1
9	7	24	18	12	25	55	11	23	12
1	7	7	33	6	12	10	6	30	24
1	23	4	3	19	10	18	34	6	14
2	6	8	16	8	24	43	14	52	19
3	13	5	5	9	40	17	20	21	26
8	10	4	19	2	12	33	8	17	5
10	4	10	16	101	26	67	19	22	35
1	8	19	9	12	12	7	23	26	19
5	3	21	26	14	13	2	24	59	25
2	2	3	7	9	7	15	80	19	14
1	2	3	30	42	9	9	8	7	46
14	6	7	18	10	16	16	26	21	50
1	14	2	43	5	4	9	4	4	46
