1 Sq Mi	2 Sq Mi	3 Sq Mi	4 Sq Mi	5 Sq Mi	6 Sq Mi	7 Sq Mi	8 Sq Mi	9 Sq Mi	10 Sq Mi
0	0	0	2	1	0	4	4	0	7
0	3	0	1	0	0	2	1	4	1
0	1	1	2	6	1	11	1	2	1
0	1	3	2	7	0	0	13	7	0
0	0	0	0	1	4	5	6	3	10
2	0	1	1	0	0	0	1	2	0
1	0	2	0	0	0	15	3	2	21
0	0	1	4	1	2	3	0	5	5
3	3	3	0	2	4	7	1	1	4
1	2	1	0	0	0	6	2	2	0
0	0	0	4	0	5	2	21	4	14
4	0	2	4	0	1	1	5	2	5
0	1	1	0	1	2	0	8	4	1
0	0	0	0	6	0	0	0	1	3
0	1	3	0	0	0	7	2	3	0
1	0	0	1	4	8	6	0	1	0
0	0	2	2	0	0	3	2	8	1
0	1	4	2	0	0	0	0	0	0
0	0	0	0	0	1	1	0	0	2
0	0	2	0	0	1	4	0	1	1
1	0	0	0	3	3	2	1	8	78
0	4	7	0	0	3	0	2	3	8
0	0	0	3	0	0	2	1	1	1
0	1	1	0	0	0	3	2	1	0
0	2	0	1	0	0	8	11	1	3
0	0	6	1	1	4	40	23	2	10
0	1	1	9	2	2	2	2	1	6
3	0	0	0	0	2	6	3	1	13
0	2	0	0	2	0	10	47	0	1
0	0	3	1	0	0	4	0	3	11
0	0	1	0	5	2	3	0	0	1
0	0	1	1	10	6	0	3	0	0
1	2	0	0	1	0	3	0	0	2
0	1	3	1	1	2	1	0	1	4
0	0	2	0	3	1	0	0	5	12
0	2	0	0	1	2	0	0	3	0
0	1	0	0	0	88	0	5	2	4
0	0	0	1	1	4	3	0	2	1
1	2	0	3	3	1	0	4	1	6
0	22	1	1	1	5	18	3	0	9
0	0	1	0	1	0	0	5	8	7
0	0	2	2	1	1	0	2	15	3
1	1	0	3	0	0	6	2	1	0
0	0	0	1	4	11	5	7	4	0
1	0	2	2	0	0	0	12	3	1
1	0	1	7	4	0	1	0	2	10
1	0	16	4	1	7	3	0	0	1
0	0	3	0	3	7	4	1	4	0
0	2	0	1	4	0	0	9	4	31
0	2	4	4	0	0	0	3	0	23
1	0	2	0	1	3	2	7	0	13
0	0	3	0	0	3	2	0	13	9
0	12	10	3	0	1	2	1	6	1
0	0	2	0	0	0	1	4	2	6
1	0	1	0	0	3	0	7	10	1
0	0	0	2	4	16	2	0	0	8
0	0	0	0	0	0	0	4	0	4
1	0	0	2	0	1	2	0	1	13
1	1	2	1	0	5	1	1	4	3
0	0	0	0	2	7	1	3	1	3
0	1	0	3	0	0	0	7	10	7
0	1	0	0	0	14	4	2	3	0
0	0	1	1	0	0	1	1	1	6
0	3	0	35	4	24	6	1	4	6
0	0	0	0	0	0	0	0	3	6
0	0	0	0	0	0	1	4	3	6
0	0	1	1	1	1	26	2	4	0
0	0	0	3	6	0	0	9	1	0
0	0	0	0	3	2	2	5	3	20
3	0	0	0	0	2	2	4	0	3
0	1	1	1	0	13	2	1	2	4
0	4	4	3	1	1	1	0	4	3
0	0	3	3	4	1	2	1	0	3
0	0	2	1	0	1	11	3	1	9
0	0	1	0	1	3	1	0	4	1
1	2	0	2	11	10	5	13	1	0
0	1	0	3	1	1	1	7	8	2
0	2	2	1	1	2	4	3	2	6
0	1	0	0	0	1	3	3	3	1
0	1	0	2	1	2	0	1	1	0
0	0	0	1	3	0	10	4	0	1
0	1	3	1	0	0	4	3	5	1
0	0	1	1	1	0	3	1	15	0
1	0	0	2	7	3	4	0	2	8
1	0	1	22	0	5	5	5	2	4
0	0	0	0	0	15	3	1	1	4
0	6	0	1	0	2	5	1	15	0
0	0	2	0	3	0	2	22	2	7
0	0	1	0	1	1	17	6	7	6
1	0	0	0	4	9	0	1	0	10
0	0	0	0	0	0	8	2	0	3
2	0	0	0	1	0	48	1	8	4
0	2	1	0	5	0	0	5	1	1
0	0	3	1	6	0	1	4	1	51
5	0	0	1	3	7	0	0	5	3
0	0	1	0	2	0	1	0	2	6
0	2	0	0	1	0	5	0	3	7
0	0	0	4	1	2	2	1	5	3
2	0	0	1	0	2	3	2	1	1
0	1	1	3	0	0	2	1	5	2
0	0	0	1	2	1	0	1	2	17
0	1	0	9	0	17	4	12	3	5
0	0	0	3	0	1	2	2	1	18
0	0	0	0	1	4	1	7	0	5
2	0	0	0	2	1	0	3	2	4
0	1	0	1	2	0	0	0	0	5
1	0	1	4	1	0	2	7	3	2
0	0	0	0	1	4	1	0	9	3
0	0	3	2	2	2	2	0	16	6
0	1	22	1	1	0	4	0	3	2
0	2	2	4	4	0	0	0	1	18
1	1	1	3	1	0	1	1	11	0
0	1	0	1	5	2	4	0	3	1
0	3	3	0	0	0	0	0	1	15
0	2	1	0	0	4	0	3	1	2
0	0	2	0	5	4	0	0	3	3
2	0	1	2	3	0	0	0	1	3
2	1	1	2	0	4	2	0	1	87
0	0	0	2	1	10	2	2	1	2
18	0	1	0	1	0	0	4	32	1
0	0	0	0	1	9	9	11	0	1
0	0	6	0	2	3	2	63	11	17
0	0	0	8	0	1	1	0	2	4
0	4	1	2	0	0	1	1	3	1
0	4	0	1	0	0	5	0	4	12
0	1	0	0	0	2	0	2	6	8
0	0	3	0	5	0	0	1	0	4
2	1	2	0	8	0	0	0	2	21
0	0	0	1	1	2	30	2	7	1
2	0	0	2	42	0	2	3	1	1
0	3	1	0	0	5	0	5	0	4
0	0	1	5	1	9	4	6	0	2
1	0	1	1	2	1	1	3	6	0
2	1	1	2	1	0	0	3	5	8
0	0	1	2	0	1	0	8	0	3
0	1	0	0	0	0	1	1	1	17
0	1	2	0	0	0	0	4	13	1
0	0	2	0	0	2	1	1	0	4
0	0	2	1	0	0	4	4	6	0
0	0	1	1	3	17	4	14	6	5
0	1	1	1	9	3	0	1	4	1
0	2	0	0	5	1	2	4	2	2
0	0	1	0	0	2	0	1	6	0
1	0	0	0	4	0	3	1	1	7
0	0	5	0	1	6	1	3	5	1
0	1	0	2	0	6	3	3	1	10
1	0	66	0	1	12	0	2	5	5
0	1	0	3	3	5	3	11	13	6
0	0	1	0	5	0	12	0	1	7
0	0	3	0	0	0	0	15	8	0
0	0	3	2	0	2	5	1	1	4
0	1	0	0	3	1	4	1	10	2
3	0	1	0	1	1	53	0	0	2
0	2	0	0	1	2	0	0	4	3
0	0	0	0	0	0	0	0	0	8
1	5	4	0	0	2	3	1	0	4
0	0	1	1	0	2	6	2	7	0
0	0	1	0	1	0	2	1	1	0
1	0	0	5	0	3	4	1	6	0
0	0	2	0	0	0	0	0	0	5
0	0	1	0	3	3	6	0	3	5
0	5	1	1	2	0	0	0	0	0
0	3	2	3	0	2	4	0	0	0
0	0	2	4	0	1	6	5	0	3
0	0	0	1	4	1	0	10	9	13
0	0	1	22	0	1	1	6	8	1
0	0	5	0	0	5	0	1	1	5
1	1	0	1	0	1	1	3	2	11
1	1	0	0	3	0	0	2	16	0
0	0	0	1	0	0	1	2	2	4
0	6	1	0	5	1	0	0	3	0
0	1	0	5	0	0	1	3	9	1
0	1	0	2	0	0	0	10	3	0
1	0	0	2	0	0	0	6	3	2
0	4	2	0	2	2	0	0	0	0
0	0	3	0	1	0	2	0	0	1
1	15	0	10	4	0	1	2	2	6
1	0	0	0	6	2	1	3	0	4
0	0	0	0	0	1	0	0	5	3
0	3	4	7	4	2	1	8	2	4
1	0	6	3	1	4	0	28	36	9
0	0	1	1	0	0	2	0	0	2
0	5	2	0	7	0	4	0	0	0
0	2	1	2	0	1	0	1	2	3
2	3	0	34	1	1	1	10	5	5
0	2	1	1	4	8	7	0	7	0
4	0	0	5	0	0	0	1	1	0
0	0	3	0	2	0	5	4	0	2
0	0	1	1	2	0	0	1	0	27
0	0	23	0	1	7	19	0	6	3
0	0	0	1	0	2	0	3	5	1
1	1	1	0	1	0	7	0	0	4
0	0	0	1	1	5	0	0	3	3
0	1	1	2	0	4	6	2	0	2
0	28	0	0	0	31	1	9	0	4
0	0	0	3	5	0	1	1	1	1
0	0	0	0	13	0	0	0	3	2
1	0	0	14	1	9	1	0	2	12
0	1	0	0	1	2	0	2	5	4
3	0	9	3	3	0	0	2	3	6
0	3	0	0	10	2	1	1	33	7
1	1	0	1	0	1	5	1	0	9
0	1	3	0	3	3	1	1	4	1
0	0	2	0	0	0	7	1	0	8
0	2	0	0	0	5	9	0	5	0
3	0	1	0	0	0	5	7	10	0
2	0	0	3	0	7	1	0	7	11
0	0	0	3	62	0	1	0	2	2
2	2	1	2	1	0	0	0	2	5
0	0	3	0	5	3	0	1	1	5
0	2	0	1	0	0	0	3	50	5
1	3	1	0	5	2	0	1	1	0
0	0	0	1	0	1	4	3	0	5
0	0	0	4	0	9	0	1	11	0
0	0	0	1	1	0	6	0	1	0
0	1	0	4	1	2	19	0	4	2
0	0	0	0	0	3	1	4	9	6
0	0	0	0	1	2	30	2	2	2
0	2	0	0	2	1	5	0	0	7
0	3	0	0	5	3	0	2	12	3
0	2	3	1	1	0	0	0	0	0
0	0	2	0	0	3	0	0	1	5
0	0	0	12	0	0	2	21	7	3
0	0	0	0	1	0	4	2	4	0
0	1	3	0	1	0	6	3	2	0
0	1	47	6	4	4	1	3	1	0
0	1	0	4	0	11	1	6	7	10
1	1	0	1	8	4	0	0	1	0
0	0	1	0	3	0	2	0	0	0
1	4	6	1	0	4	0	3	0	1
1	1	1	0	0	0	11	1	0	1
0	1	6	4	1	2	4	3	9	7
20	0	2	1	0	3	0	4	1	0
0	1	0	0	1	4	59	1	0	4
0	0	1	0	2	3	2	6	2	5
0	0	2	3	12	10	1	7	103	4
0	0	0	0	0	1	4	1	4	4
1	0	1	3	2	0	4	1	2	1
0	11	0	1	0	1	0	0	8	1
1	2	0	3	1	0	0	15	0	0
0	4	1	0	0	1	4	1	7	9
1	0	0	0	11	3	10	0	1	0
0	0	0	2	2	2	5	3	1	0
0	0	2	2	0	0	1	0	1	3
0	1	0	0	1	0	0	1	3	6
1	1	1	0	3	0	0	1	5	1
0	0	1	2	5	37	0	11	2	1
0	3	0	2	2	1	0	7	12	0
0	2	0	1	2	0	4	0	2	0
0	3	0	0	2	0	4	6	14	0
1	1	0	3	5	1	1	2	9	40
0	0	1	4	1	1	31	1	18	2
0	1	0	0	4	0	1	19	5	0
0	2	1	0	0	3	11	1	3	0
0	1	0	0	1	2	4	2	4	0
0	0	0	2	0	5	1	2	6	11
0	1	2	2	0	83	0	0	1	9
0	0	0	6	0	1	0	1	4	2
0	1	0	0	1	0	4	4	4	7
0	0	0	1	3	2	2	0	4	0
0	0	0	3	0	12	0	0	3	11
1	0	1	2	6	0	17	1	3	0
0	1	0	4	0	33	4	0	0	3
0	0	0	0	0	0	0	0	0	2
0	0	0	1	1	2	0	2	5	0
0	0	1	0	2	0	1	12	5	1
0	2	0	1	0	0	7	3	5	3
0	1	2	0	3	0	7	2	3	2
0	0	2	0	0	1	0	0	3	7
0	3	2	1	2	0	1	2	0	5
0	6	0	1	4	1	1	4	2	1
0	1	0	1	0	3	0	53	10	11
2	0	6	2	0	7	2	0	2	4
0	0	1	0	4	11	1	12	0	0
0	0	1	0	0	0	56	4	1	4
1	0	0	5	0	7	17	2	0	6
0	0	0	1	1	0	18	0	14	1
0	1	0	1	2	2	3	6	3	9
0	0	1	1	1	1	1	5	1	2
0	1	3	5	2	1	2	3	1	3
0	0	8	0	1	2	3	5	0	2
0	0	1	0	0	5	0	7	7	16
1	0	0	0	0	1	1	2	2	2
0	0	2	3	0	1	0	9	0	6
0	0	2	3	0	1	4	5	1	2
0	0	1	13	1	0	0	1	3	2
0	3	0	0	1	3	3	2	1	12
0	1	2	0	1	1	0	2	2	1
0	0	17	0	2	0	1	3	0	57
0	0	0	0	0	0	3	3	9	1
2	0	0	0	10	0	3	0	0	4
6	1	0	0	0	1	6	6	1	4
0	6	0	24	0	3	2	5	2	3
0	1	0	2	1	0	1	7	0	1
1	0	4	3	5	3	0	3	9	3
2	0	2	0	0	1	2	2	4	0
0	3	0	5	1	4	0	2	2	4
0	1	1	1	5	3	1	7	2	0
1	0	0	0	9	0	2	1	0	6
1	1	0	7	1	3	0	0	7	1
0	0	0	0	4	7	1	11	9	0
2	0	0	2	0	9	0	1	0	5
2	2	2	0	1	3	1	2	5	0
0	0	0	2	1	0	1	11	2	10
0	0	0	0	11	2	2	1	13	0
0	2	7	6	0	1	30	0	0	1
0	0	0	0	0	0	2	1	1	8
0	4	0	7	8	4	1	7	0	18
0	1	5	2	0	1	6	6	3	3
1	3	3	2	1	2	0	4	5	1
0	0	0	1	4	2	0	0	9	1
1	0	0	1	0	7	4	2	0	4
1	0	0	1	3	1	0	1	0	8
0	3	2	1	1	0	1	2	0	1
2	0	0	0	0	0	2	2	1	2
0	0	1	6	1	6	4	0	11	1
0	0	2	0	0	4	4	2	1	11
0	1	1	6	0	1	5	1	10	13
0	0	3	9	3	2	1	0	6	3
1	0	0	5	6	1	0	11	0	1
0	0	0	0	1	0	8	7	3	5
1	6	1	0	0	2	4	0	0	2
0	0	1	2	17	5	5	25	1	0
3	0	3	2	1	0	0	12	2	21
0	0	1	5	0	2	3	1	1	0
3	12	0	0	0	4	58	21	3	3
0	1	1	5	0	1	0	1	1	0
1	0	0	1	2	3	1	0	2	1
0	1	1	2	5	0	1	3	0	0
0	2	1	0	3	2	2	1	16	0
7	2	2	0	3	1	0	0	1	6
0	0	1	0	1	0	1	2	1	0
2	0	3	5	6	0	3	3	4	7
0	0	1	2	0	1	0	1	2	4
0	0	0	28	0	3	0	17	5	0
1	1	3	1	0	1	3	2	2	3
1	0	1	1	1	3	2	8	2	1
2	0	3	0	10	2	2	1	7	5
0	0	1	2	1	5	0	36	0	0
0	0	1	30	0	5	2	0	1	2
0	0	0	0	9	0	38	3	5	3
0	3	0	0	3	0	0	1	0	1
0	1	0	7	0	2	9	0	8	14
2	1	1	2	0	2	1	2	3	1
0	0	1	2	0	5	3	0	3	0
0	0	4	69	0	0	0	1	0	4
0	0	3	1	3	0	1	4	1	16
0	0	3	1	0	5	0	9	1	1
0	1	0	1	2	0	3	0	0	0
0	0	5	5	0	2	3	1	2	1
0	9	0	1	1	1	6	4	2	15
0	0	0	1	0	1	11	23	1	23
0	0	0	1	1	13	3	0	15	0
0	0	0	0	0	0	0	2	1	3
0	0	0	0	2	2	1	5	10	3
0	0	0	1	4	1	4	6	6	2
0	0	0	0	1	1	0	2	4	4
0	2	0	1	2	2	5	0	1	0
2	0	2	2	1	3	4	0	1	1
0	4	1	0	5	1	1	0	1	5
0	1	0	3	0	31	29	0	0	1
1	1	0	1	0	4	1	1	5	83
0	0	1	0	12	3	2	10	8	3
1	4	2	0	0	5	22	0	0	0
0	0	0	0	0	0	1	12	0	0
0	1	0	0	1	1	10	0	2	0
1	4	0	0	0	4	0	4	9	1
2	2	0	9	1	2	0	1	14	0
0	1	0	1	0	1	0	5	1	3
0	0	0	1	0	1	0	0	29	0
0	0	0	2	3	1	2	4	6	12
0	0	0	2	0	19	0	6	1	1
0	0	0	0	1	4	1	9	1	11
0	2	2	1	32	7	1	2	1	2
2	1	0	0	2	10	1	0	3	3
0	0	0	0	0	6	1	6	15	81
0	1	0	1	1	0	2	9	0	2
0	1	0	1	1	0	0	0	10	6
0	4	5	3	2	5	2	0	3	0
0	0	0	35	5	4	15	0	5	6
2	0	0	3	0	3	7	3	1	0
6	2	2	5	7	1	3	3	0	5
0	1	2	0	1	4	0	0	4	0
0	0	0	4	2	0	0	2	1	5
0	2	0	2	0	3	2	0	2	11
0	0	18	0	0	1	2	0	4	6
0	1	0	4	0	3	0	1	2	14
1	2	1	3	0	0	1	0	0	3
0	1	0	2	2	0	0	41	2	11
4	0	1	0	2	2	1	9	0	46
1	0	0	1	0	0	1	0	2	9
2	1	0	0	0	0	1	0	0	12
0	0	12	1	5	1	2	2	4	0
2	0	0	1	0	1	0	0	1	6
1	0	8	1	0	2	17	2	1	0
2	0	0	0	1	3	3	0	2	7
0	3	1	4	40	0	2	3	0	0
0	0	0	0	8	1	3	0	2	4
0	3	1	0	1	1	2	2	6	0
3	1	2	3	2	2	0	13	2	0
0	1	0	0	0	0	1	4	3	5
0	6	0	1	1	3	1	1	5	0
0	0	1	0	2	4	1	1	3	10
0	0	0	0	8	7	0	0	8	3
0	0	0	1	0	0	9	5	25	5
0	3	1	0	2	2	0	38	2	6
2	0	0	0	0	3	0	1	1	0
2	0	0	1	1	1	1	8	3	1
1	0	0	0	0	0	1	1	2	2
1	0	0	0	2	88	0	38	6	0
0	0	0	0	5	0	1	4	0	13
0	0	0	4	4	1	8	3	0	8
0	2	0	0	0	6	0	2	2	46
11	0	1	0	2	1	2	2	0	1
1	2	2	0	1	0	1	0	9	1
3	0	1	0	11	0	5	2	1	1
0	1	0	1	1	2	10	0	2	3
0	0	3	0	0	21	3	0	2	3
0	0	21	8	2	1	1	2	4	1
1	1	6	2	0	9	2	17	5	1
0	1	0	0	0	4	1	6	3	1
4	0	9	2	1	3	14	1	1	2
0	1	0	0	0	5	0	4	13	2
0	0	0	1	1	7	9	1	1	1
0	2	0	0	0	0	2	1	39	5
3	1	0	0	2	6	4	2	10	3
2	0	2	3	0	1	4	7	1	14
0	1	0	0	0	2	5	3	6	2
0	0	0	4	0	0	1	8	2	4
0	1	5	2	3	5	2	1	0	1
0	2	1	0	0	0	9	2	9	10
0	0	0	1	3	2	3	3	7	5
0	2	0	0	1	1	1	0	1	2
2	1	1	3	0	0	0	49	1	4
0	0	5	2	11	2	10	0	4	3
0	1	11	0	3	0	5	3	2	4
0	1	0	7	0	1	4	0	3	5
2	5	1	4	2	0	1	1	0	2
0	0	5	5	18	1	1	2	4	67
0	1	2	2	2	4	11	0	1	1
0	0	0	0	0	2	1	0	5	0
0	0	2	0	0	2	0	4	2	5
0	1	8	1	11	0	9	2	9	2
0	0	0	1	0	10	2	0	7	5
0	1	2	1	11	3	0	2	5	3
1	3	2	1	3	2	5	10	1	2
0	1	1	2	8	1	3	0	4	6
0	1	0	0	1	4	9	5	0	0
1	2	1	0	0	1	1	0	0	56
8	2	0	2	0	1	1	3	0	3
0	2	9	0	0	8	0	1	1	3
0	1	0	1	4	1	5	6	1	0
0	0	1	2	0	2	6	0	0	40
0	0	2	0	0	0	0	4	1	4
0	0	0	0	6	21	7	0	5	2
0	3	0	0	0	1	0	6	0	3
0	0	1	1	2	3	0	5	2	2
0	2	0	1	2	4	7	0	6	1
0	0	1	2	2	5	4	3	12	1
0	1	11	1	2	0	1	125	0	0
0	2	4	7	21	2	0	4	2	0
0	0	0	0	1	7	1	4	6	1
0	0	0	1	2	2	5	5	9	2
0	0	0	0	2	1	0	5	2	5
2	0	0	0	0	5	14	0	8	0
2	0	1	0	0	0	4	0	0	40
1	0	3	1	2	0	4	21	67	2
0	0	6	0	1	0	5	6	5	4
0	1	2	0	4	1	0	1	2	28
0	0	0	0	1	0	0	1	0	0
0	1	0	0	1	0	25	2	0	3
0	0	0	4	1	0	0	39	7	2
0	3	1	2	7	0	4	2	3	3
0	0	2	0	2	4	2	3	2	0
14	0	0	0	2	1	0	3	0	0
0	5	0	0	0	1	1	10	0	1
1	0	7	5	0	1	4	1	0	4
0	0	10	1	0	0	2	4	1	1
0	1	2	2	2	0	4	0	3	2
0	0	0	1	3	0	5	12	15	4
1	2	7	1	0	0	1	2	3	1
0	2	2	3	0	1	0	0	0	2
0	1	3	4	3	0	5	0	13	0
0	0	0	0	0	8	8	3	2	8
0	0	0	1	0	0	2	1	14	16
2	0	3	5	2	0	0	0	1	0
0	1	0	5	2	3	0	1	0	1
1	1	4	1	1	3	8	0	5	2
0	0	0	2	1	1	0	1	9	0
0	2	1	1	42	4	1	0	0	4
0	0	0	0	0	0	0	1	1	1
0	0	1	0	1	0	3	0	0	4
1	0	4	0	0	2	0	0	0	1
0	0	1	0	1	1	9	3	3	8
0	0	2	0	0	8	1	0	8	4
0	1	0	2	0	7	0	1	7	2
0	0	2	1	1	1	0	2	0	7
17	0	0	2	4	0	2	2	1	4
0	0	0	0	3	1	7	2	1	7
0	1	1	2	0	13	2	11	1	2
