0.1 percent	0.2 percent	0.3 percent	0.4 percent	0.5 percent	0.6 percent	0.7 percent	0.8 percent	0.9 percent	1 percent
502	3821	938	902	1086	4798	849	2590	1692	5108
486	610	913	1590	1286	1469	614	1759	1521	2179
1204	852	1043	1048	1303	1563	886	1741	1652	2110
933	777	847	1416	1752	1273	1248	619	1222	2896
953	915	724	771	1531	886	2473	2162	1046	3228
723	745	648	1225	1582	2059	2178	1021	1874	2134
501	776	1284	1317	1504	2039	924	823	1894	914
834	1157	1717	1959	2198	1511	2683	2855	1557	614
728	723	771	917	1160	1082	1075	2533	2638	1610
842	1288	1043	1716	891	1411	2447	1877	962	2462
691	338	1671	1869	1238	2171	830	1474	1652	924
790	939	1231	1372	2259	1604	2044	920	1037	1829
1036	494	1420	771	924	1777	3059	1959	2027	1021
643	639	1064	1176	1774	2601	1328	2869	2466	2346
818	999	838	654	931	311	795	2252	1257	1348
839	895	1091	3389	1057	777	1023	1927	3878	1765
104	744	1336	1072	1607	1277	2190	2295	1860	3272
729	137	789	999	1387	1033	967	1093	1868	6004
4404	1033	1329	458	917	884	1582	1173	2368	2729
1257	1428	879	1046	1678	4210	2286	1326	3229	1757
739	1285	540	771	1626	2054	489	1722	777	1967
559	1086	777	645	1442	1647	2539	4424	2389	2196
606	556	989	611	1114	1662	1651	1588	2093	4476
762	1084	1120	1065	564	1074	688	2276	838	1387
653	1442	939	893	899	1545	1464	1918	1782	1701
515	1048	510	1639	1777	1686	1230	1566	931	1122
561	913	889	776	1447	2562	852	2085	2880	1365
2019	915	1182	946	893	1992	2232	2049	614	1884
670	961	1544	1411	1002	1053	830	2181	1450	863
458	1692	620	1189	1448	1308	1655	2039	2922	2897
593	589	747	620	698	1332	3113	1075	2413	1075
968	510	1070	1295	1897	1136	2638	1996	1682	2380
1462	1321	1666	1166	1044	1754	1954	766	3119	2695
747	798	641	1949	849	1237	1401	1759	2210	4643
727	1396	967	1521	2210	1082	2489	924	1814	1240
697	590	1178	3299	1115	1556	1122	1864	1883	2251
1272	1067	875	1191	3723	4443	1466	2042	1379	2155
1026	1198	1663	1361	2212	2315	931	1338	2184	1075
952	949	1421	645	1127	771	2308	3059	658	1392
767	1287	1239	1534	1783	1304	2373	5707	1461	1542
665	1068	639	1448	1735	296	836	3120	1503	1263
487	931	1003	2098	2171	2110	922	2095	1505	1918
545	877	1093	1362	1298	1194	3268	781	1046	3453
723	1074	721	1194	1495	931	1883	1645	2447	766
863	648	802	939	1316	1612	893	1962	620	1392
585	455	1927	5967	1498	1719	1688	2411	905	1322
427	823	1204	638	1570	931	1649	1104	3457	1817
760	1442	1780	1572	1706	1304	2159	756	2849	1402
1024	582	1885	1636	1757	1966	2168	1451	1527	1337
805	1713	1672	1197	1557	1838	1219	2015	1307	2423
771	489	1953	637	891	2947	1908	1533	1329	1881
1018	875	771	1693	893	2535	6028	653	1184	1974
872	931	1431	929	1434	2172	1636	816	620	1746
682	1142	832	564	1993	2048	1474	1621	1901	472
753	504	889	643	973	849	1976	3732	1216	8388
671	645	908	1553	1206	2014	1327	2849	1537	2605
858	582	870	1936	864	899	3167	931	2497	338
898	1277	3435	1864	1613	3092	1507	1222	1033	2237
936	1166	789	1712	893	1919	1417	1272	764	2065
701	1089	1304	1310	946	1074	4432	1713	2554	1634
644	1800	1746	1668	296	1557	2230	2894	2243	1265
939	961	663	924	1331	771	3826	2005	1075	2059
933	1076	879	797	1455	1201	2039	1793	1474	2348
334	1147	648	807	147	1001	5922	2210	2449	3096
506	840	843	1234	2284	784	1945	1695	2099	2233
827	797	611	564	1557	1321	1151	2497	4881	1536
655	1381	917	931	1891	931	2845	2456	1905	1954
1198	879	923	3875	1286	1348	1842	1167	2237	2428
455	973	642	1438	852	1511	1871	1173	2314	1082
455	1441	1080	1742	1657	638	2338	1093	2785	2523
311	930	1199	1534	1858	2044	2068	2894	5320	1521
1078	983	1177	599	895	767	1173	2329	2124	2242
893	934	765	1688	908	1845	1173	989	1520	3311
924	699	4858	1938	4441	1635	1222	931	880	2763
1072	1206	1908	567	1498	1608	824	1529	2353	3479
458	1205	1396	1679	1137	3688	2120	2495	1686	802
531	2011	1345	777	1589	1838	2193	767	2406	899
503	612	1059	1198	1757	1171	2192	3113	1829	1621
535	4981	1080	931	2075	1877	802	1044	2247	2522
940	1094	902	674	1822	1284	1554	723	1392	2500
729	147	771	1481	2054	458	1545	1022	1511	2716
763	461	1697	637	1036	1739	1291	1278	2098	2661
559	1195	1235	1543	1459	869	1743	1173	2135	945
337	622	1737	1901	794	4139	6414	1065	2168	3078
671	1364	1085	1663	1961	878	1704	2170	2621	2770
498	501	1296	1424	1236	1975	2468	745	1180	8199
503	870	1551	973	1685	1254	612	1114	619	1474
316	887	786	1413	612	1033	1042	1338	2707	950
170	532	789	997	1220	771	1291	2162	967	2667
1256	590	908	1420	2427	137	2228	1630	1903	1982
820	843	970	734	931	622	1093	1349	924	899
771	747	1493	1822	1678	963	1577	1443	2562	3039
1233	884	931	1433	893	1665	1092	2122	2588	4590
1098	611	1154	2008	2799	1420	2636	2018	2089	1639
732	937	915	711	3423	1417	794	893	1264	2085
611	892	1526	1366	1479	1338	1216	1310	2213	3623
747	582	974	1070	1994	1763	905	1759	2024	2392
596	762	940	794	1464	2595	2044	1222	5216	922
1381	456	1080	1593	1577	830	835	1746	1322	2545
1438	889	2195	785	771	653	688	2079	893	2788
804	675	1377	1713	1721	924	2051	2968	9461	2016
427	1497	1221	2131	1606	1716	1915	905	999	1843
771	1213	1463	638	1726	667	830	924	716	2767
401	1953	749	904	611	1041	908	1288	1136	1908
558	1506	1374	1980	620	2099	1009	2206	2039	8253
721	590	1521	1174	1751	3163	3651	1406	4526	945
692	1243	777	1146	1573	1086	2628	1811	2920	2096
937	897	898	1044	655	2241	1474	1093	2572	880
622	1344	705	2119	620	1436	2040	1511	2167	3147
1147	1620	467	1189	3821	1666	2181	2063	2061	1074
758	780	544	767	777	1335	947	3049	2540	2479
323	1056	1601	1916	1637	1964	1973	775	1058	893
427	991	931	1390	1498	1429	1511	3045	2394	1081
588	1370	1045	1134	1044	1201	2068	931	1784	2086
624	637	905	1742	455	2397	893	2271	1757	2142
561	1093	1443	1351	1411	1031	1086	3107	2068	1402
957	836	1042	820	531	1294	1222	2092	1788	2774
551	741	1552	1996	1401	893	808	2860	2855	1545
760	931	667	1436	738	2146	1222	1704	1263	1175
648	1058	771	931	1388	1224	830	862	2513	611
638	771	820	1718	1600	296	1143	2157	2389	2544
442	489	1231	2375	924	981	1682	2303	1957	2263
598	1037	1055	931	2133	908	2050	967	1299	3163
889	1366	899	638	2305	1299	2169	2020	939	3977
321	531	502	938	1559	1477	1322	1374	2023	3013
894	931	753	1233	494	1833	1962	2698	2908	1167
504	1341	905	1556	638	893	1751	1493	800	2272
628	729	1791	1812	785	1624	1348	2128	1794	1086
590	1142	1156	2707	1765	893	821	1737	2488	1648
1305	771	1216	1214	1507	1504	4076	1972	2400	792
559	1151	1100	2132	879	2008	2484	2724	1372	958
631	711	1765	3865	2055	1053	1147	1165	2779	3440
464	489	784	972	905	7744	2004	922	958	2353
1064	908	4703	1470	777	881	1357	2075	2840	1127
642	821	1261	771	622	949	1033	2530	1458	1760
916	751	764	296	1023	1033	3710	653	3216	2480
2428	531	929	620	1220	1093	1299	1127	1624	1709
1018	464	1270	1187	1125	1101	1296	2135	2332	1714
458	2620	296	612	2831	2190	1122	844	1787	1409
578	1808	842	1727	1415	771	2010	1732	1136	868
642	489	870	1629	1500	1811	3064	716	9467	1674
1184	909	1128	1093	1348	1735	1070	5248	1395	3735
1125	1015	929	1674	170	1801	881	1532	775	2736
560	1283	944	1520	1101	924	1825	1069	1219	1058
1689	1281	1612	1128	2609	1033	2023	1100	2716	2567
857	1360	1316	1577	1707	1309	2507	4746	1176	2076
624	899	1026	1495	1541	1518	5503	1182	2652	1127
796	777	657	1960	931	1905	931	5401	1321	2284
322	1062	1121	795	1007	1072	645	1971	2261	4930
733	1166	1538	931	3493	1739	1098	2955	1918	2000
1630	804	498	1034	622	2298	931	2048	1841	2535
729	1264	889	1685	718	862	1330	1156	2545	2462
1162	698	1349	718	1780	1010	2669	1982	2911	917
463	642	688	938	1033	1470	2363	1374	2298	1458
301	727	786	2362	1154	1093	767	1374	2025	1267
953	2580	716	614	1404	1086	881	746	2115	2473
427	977	645	1386	1764	2032	1357	1609	967	2477
697	1313	489	1411	1661	924	1033	3026	2080	2120
486	1608	1784	1834	2924	824	899	1467	1454	1872
647	1425	854	771	1498	2054	6309	2505	1706	3096
875	787	1194	3262	147	1133	2139	2539	2137	1833
1142	1147	771	1396	2533	795	1023	1884	2817	2095
611	642	1332	771	1963	494	1765	1037	1093	2502
939	851	1222	1102	1223	2838	899	1686	1353	2426
797	866	1262	1377	931	1430	2731	1818	2461	2061
396	632	645	1200	767	3459	612	939	1721	1374
373	806	2602	1438	1337	2154	1136	1405	1961	2043
1010	498	1542	904	1329	1963	1053	329	923	2142
895	801	771	972	916	1866	3773	1731	4256	899
786	1304	1639	1074	1387	2290	2294	808	1460	1173
407	1716	666	611	628	1296	1251	1307	1649	1560
639	667	895	1210	767	1252	1336	2619	2682	2670
292	585	489	1591	1044	2026	1373	6923	1233	2060
657	1037	1345	1568	1657	2459	1308	1583	1877	2410
642	1142	1191	664	1851	2753	1034	755	1235	4334
491	1080	1415	1615	1715	1874	1365	2043	1458	1845
833	1022	1689	1571	795	2043	2352	1851	2475	3012
526	786	667	893	733	1831	967	2392	869	1927
1108	688	847	1019	1844	977	718	906	2750	3397
586	2170	137	2821	1102	1316	2724	1114	3294	2260
906	1542	674	2020	706	1437	1893	2727	655	1747
577	751	1274	997	2108	771	891	2555	1704	1632
505	642	1064	2331	1722	1309	2144	823	924	5581
501	853	967	1415	1147	1556	1167	2302	1299	2906
1794	427	1465	458	771	1470	849	137	1884	2320
521	734	1230	1431	870	1038	1563	1853	2268	3483
538	1259	1662	1552	1294	1842	2460	2271	3109	852
442	659	632	1354	895	1555	1251	2255	1237	2163
427	1094	771	1255	1736	1618	1519	1225	1403	4334
709	931	840	638	1046	1621	2033	958	1722	1173
1410	334	953	1475	1392	1093	2293	766	1903	1780
1016	1108	929	1106	852	1172	2575	1089	836	2971
951	1159	1338	1773	746	2032	1686	1780	1748	1473
684	528	1624	1041	1780	2739	1748	1656	1365	1794
486	917	917	711	718	1487	1957	981	1180	2034
1197	489	494	1398	4195	1853	1963	1492	2533	1184
525	1199	1279	1063	931	653	3597	1779	2867	2535
1558	502	1749	1274	1591	940	1685	893	1770	1639
729	740	771	693	1579	931	1703	1821	1070	1744
915	1042	1061	1296	1137	2465	4102	1222	2175	1184
624	1041	5249	653	1125	1763	2108	3238	2278	1473
836	1071	830	1900	1126	1049	821	701	870	3231
303	1420	667	1307	1676	1281	1348	2159	2343	2330
638	1186	498	1664	2500	1342	821	1814	1240	1886
941	1159	1487	1328	1664	1373	2490	1460	966	2279
358	372	2089	1139	2562	2012	5013	2943	834	2409
733	1682	1492	1373	1029	1038	1456	2032	1151	5458
635	1080	620	698	645	1001	830	1392	1539	893
630	905	651	1564	1425	1730	1133	2211	1316	2048
556	435	498	924	1183	263	1724	2379	1603	1729
606	706	728	1589	1241	1075	1267	3098	2733	1720
334	1085	1632	1328	1604	2236	1531	2308	1594	1019
771	1707	1036	771	1348	1212	955	2020	2498	2311
501	831	632	1036	852	1348	1110	2797	1707	2638
585	690	329	1343	1424	905	2568	1755	2438	1075
489	1276	1911	1832	931	1542	2058	2110	1104	2298
1321	263	3552	670	688	489	1340	1093	1805	2607
147	724	1158	1136	1844	1732	1251	2545	2033	2274
548	642	1507	2452	889	1208	1568	1515	3917	956
442	762	1632	667	911	917	891	2131	2297	2134
1662	771	648	1174	1606	1705	971	4256	1744	2685
979	1516	1730	628	1574	1519	2576	2163	2308	2099
697	642	838	2255	1429	2658	1903	1581	2367	1360
504	637	1766	1140	1417	780	1424	2614	924	1248
457	1036	1361	706	1774	1048	2289	1832	1636	2520
594	1496	1429	771	1348	855	793	1176	977	1474
805	1317	1703	1270	2381	1151	2963	1474	2060	1492
1035	860	1138	311	1315	1044	816	2447	1762	767
582	611	852	846	1155	1377	1173	1208	950	2311
805	3092	931	638	706	1700	917	263	2652	1207
800	561	1253	467	1156	946	2133	2641	1204	1183
1302	1455	869	898	1440	1208	899	2539	917	2367
732	1024	1377	3682	1115	1982	2347	939	2147	1920
551	1191	1410	1044	1669	1692	1049	9159	1316	1403
895	906	648	1042	1779	1173	2226	1766	880	1021
2034	1208	852	1483	916	2128	1895	5445	1366	2205
427	407	1261	1127	781	4125	1914	1758	7116	2631
842	1459	1094	931	905	1905	1533	2589	924	2007
1344	648	976	816	1974	931	1173	1405	653	1139
606	569	1176	1337	1639	1456	1531	2575	2257	3888
590	1007	1296	1118	638	775	2111	2569	1552	1157
728	510	820	1044	3549	2373	2818	2004	800	1734
910	802	1524	776	1295	2872	1316	1595	1822	5766
286	883	1774	907	905	638	905	3601	1773	2907
454	688	569	718	1266	1519	5316	2017	1891	1621
1237	766	620	1086	1041	938	795	1164	1435	2597
784	322	1709	1035	1297	688	1476	849	1635	2193
535	976	1549	1664	2659	2017	1175	1357	6767	3042
843	1416	1065	840	755	1564	1679	2135	2217	928
442	1089	975	1522	2249	2056	1222	899	1222	1033
756	716	1858	1551	1372	1048	1905	1589	2872	931
866	1127	1359	895	586	967	777	2052	2886	2966
842	991	1370	1465	2169	1411	2018	2370	3037	2779
771	798	802	931	4265	5869	2411	1316	2247	2282
388	464	945	1545	7755	7763	1277	1357	1374	701
883	1028	1719	472	3336	2646	1082	745	971	899
908	2387	688	3445	2174	775	620	2425	2528	2623
939	561	908	1765	1210	3292	4035	1208	3055	2350
587	0	781	802	1679	1261	1878	1411	1707	2197
532	1154	1336	666	1056	1788	6638	1880	1967	1691
917	1405	1399	1127	1175	793	4488	3137	1877	2391
929	358	2164	556	1862	1986	1399	1001	1690	2025
577	1304	854	1309	931	767	1983	2544	924	1046
861	2249	1455	3375	1542	2212	945	1804	1033	1082
851	932	1002	1636	1149	1303	1082	1457	2274	958
498	637	688	1470	1172	901	922	895	2154	1921
504	1370	915	3160	620	2245	2182	2103	1447	870
1419	771	1350	1917	963	1047	2148	2516	3144	1523
433	1296	1636	3376	2057	1093	780	2174	2657	1655
358	638	1247	1299	2748	1687	1070	2373	1458	2260
446	1042	1439	1077	945	1820	3177	1539	2119	1957
607	786	1043	2241	1345	1356	1037	4259	1739	928
590	296	645	1332	1712	1546	1668	935	1219	2229
879	886	3317	1180	899	1636	1982	1542	1967	2044
439	994	4055	1446	2340	1037	2209	931	1885	2241
897	760	1030	888	1908	1748	2241	1170	4217	1093
583	771	659	1252	2048	1632	2281	769	2320	945
588	486	964	1470	1487	1853	2174	2194	1936	1652
557	529	971	1520	1118	975	1601	2077	1754	8815
338	1463	698	1536	1375	1222	5866	1905	2001	7213
1235	653	723	771	1125	1379	1796	612	1496	2385
881	1387	820	1140	1539	620	2123	2020	931	1321
542	680	1091	1804	1687	1296	1456	1222	2528	1058
638	733	1976	1576	2071	1002	688	1501	2551	775
693	938	766	1520	498	924	502	931	3143	2765
501	1097	1162	2435	612	906	1353	4643	2605	5791
786	814	1650	1295	1046	1954	1136	795	1221	1204
439	1582	582	1251	1367	1093	4173	5238	1437	2705
831	923	1546	924	1736	767	1523	775	1045	1554
839	1415	1791	1173	1518	1855	2467	794	2891	2095
1028	921	688	953	1218	1300	2634	3013	1770	922
926	489	1420	1326	1287	1068	2397	905	5175	2161
533	2037	1105	1499	1411	1319	777	4788	2290	1405
268	939	894	1288	1143	905	1574	7664	1210	1081
1253	1160	802	1451	794	1044	1952	1829	4771	2859
1042	659	639	3134	1844	2043	1176	922	1233	1535
721	1473	771	1307	1788	1296	3248	1178	1468	3044
771	948	772	1633	1496	1621	2721	1884	2394	1082
503	611	925	467	1250	780	2101	1784	1075	958
692	789	718	895	2185	941	1045	1009	1157	2518
937	1498	723	2531	1573	1708	784	723	2011	2264
910	1383	645	953	1378	1420	1500	6918	2284	2770
685	585	534	1058	1173	645	1986	1014	880	1698
926	599	938	958	1322	767	2105	1235	4182	2032
312	1064	1391	1473	1837	895	1823	2317	1065	2363
770	777	895	3447	1348	966	1860	311	1033	3357
760	1065	502	586	766	1838	1916	2523	1416	2528
230	779	776	914	924	1547	2464	1469	5370	2185
1360	834	1236	767	1614	1549	2333	1406	2271	1033
889	1182	960	1040	1040	645	3219	2055	2452	2107
1295	1042	1465	893	604	1075	2108	2543	2428	2907
450	1348	1403	598	794	931	1814	4080	1086	2213
991	1018	981	766	1093	1865	147	1865	2724	2580
506	790	2417	924	1037	1577	1044	1983	1164	3418
614	953	820	732	1948	2412	813	2328	2200	2514
789	820	965	780	1749	2562	949	2096	2553	2311
819	938	1612	1764	886	688	1188	3006	9054	2302
647	1713	502	585	931	1575	1892	2318	2705	2315
949	924	774	902	931	1615	2140	1858	1595	2153
1026	708	934	1289	1305	903	870	2965	2558	3858
502	946	1965	3100	1059	1793	1930	931	1840	1648
842	771	926	1038	986	1053	1631	1511	338	1058
381	1698	1234	877	1136	3751	2133	2049	1792	4475
698	989	881	658	1073	2095	828	971	1706	2295
1056	906	1013	2169	848	598	2015	800	1980	2224
427	1174	797	1662	1532	2087	1322	2355	1240	1826
880	760	771	1495	1599	489	917	1657	2305	2302
588	596	632	489	1403	1324	2583	472	502	989
927	886	482	1198	1394	775	1847	1594	3001	2582
643	529	920	1348	688	3401	2346	2036	1824	924
1027	2159	1581	885	2191	2306	2091	2026	1222	1810
606	502	786	771	1572	1424	1733	1354	836	1652
321	1274	835	893	1456	1197	1624	1176	1322	2080
642	716	905	1244	834	2870	1815	1797	3095	1867
839	2998	767	1488	1726	1486	1832	1167	1781	1756
407	797	1615	1671	667	777	2056	2862	5972	1799
489	1582	855	620	1516	2236	1379	1033	1097	2938
688	1304	1371	776	766	1127	800	880	834	1787
1416	498	1494	1521	2091	2039	1924	1193	2582	2168
1090	1156	1897	1155	931	1199	2076	1251	1860	1399
1205	869	1727	771	1508	6311	1046	2533	1707	991
1413	590	1307	1189	1035	1555	1205	3570	3904	1136
1295	1549	1019	1635	1779	893	2193	1130	897	5907
928	1831	1410	1506	2105	905	1758	2032	465	2317
647	771	1288	1067	1125	1587	1275	2255	3037	1136
409	853	1167	1219	1715	1283	1838	2137	1878	2528
794	642	1021	1410	825	2105	1459	9102	1086	1219
669	842	931	931	2722	1351	1891	4004	3548	1621
491	1453	1601	1597	1042	2163	1984	5423	1237	2187
820	767	1459	1526	1920	4467	2547	2003	1757	2712
1034	571	2385	816	2344	906	4076	1347	1255	795
358	467	879	736	1127	1410	1735	1655	2025	3030
458	764	1036	637	794	1175	869	2837	2059	2426
640	502	879	1179	1783	1059	1086	1905	899	1728
2021	821	750	1889	775	1301	2218	5064	1403	1774
461	748	1937	1806	924	1359	2174	1630	1100	2055
526	869	766	586	1479	1745	1829	5155	2086	2238
770	771	1093	847	848	3540	1758	909	1166	939
454	1882	1276	2857	1434	1128	1737	2553	2153	7683
561	1515	1380	638	934	2045	645	1222	1415	3409
736	1297	688	1999	3093	1735	1167	1550	3280	1636
670	728	659	467	751	922	2364	988	2098	1688
338	869	1413	797	1129	2069	794	1790	5259	2269
648	467	0	1793	1849	780	2572	2562	1211	3521
137	740	1389	1344	924	1190	2197	3884	834	311
733	976	1266	1152	3617	822	1325	775	1795	3304
210	739	1075	653	2722	1420	1184	1928	3961	988
1062	489	1935	1536	1610	786	1503	2106	586	2275
597	1480	1386	1200	1065	1103	3123	2273	2164	2523
922	648	1103	2904	1254	1096	1695	899	329	2110
638	771	3335	2370	1278	777	2096	1486	2046	1657
582	851	2853	1096	917	2032	1531	735	1086	2364
734	1037	776	1553	1902	777	2375	2623	2073	922
648	498	1041	1209	1486	1526	945	1082	2260	1989
614	644	640	1443	1033	2265	1279	1900	1573	1564
602	137	1219	718	1571	777	2300	1671	1433	2542
430	1137	1255	802	612	931	1727	1121	1718	1785
589	885	1081	1488	2121	1252	465	1582	2339	2206
536	574	611	718	2136	1248	1535	2151	6579	2059
632	1323	771	777	653	2630	2066	1970	2092	2364
629	1287	1039	1646	1811	1529	1172	1033	2131	2435
729	867	762	1125	820	1826	2416	2562	1176	922
931	955	1194	1132	502	1736	767	1942	1521	2200
338	539	1011	889	2522	3171	924	1692	2345	922
574	1068	498	1173	7769	2348	2435	3466	2373	1156
913	918	1233	771	2378	2009	1356	1934	2155	1869
729	503	1114	667	1943	1670	2957	1603	1610	3830
642	1892	611	638	820	1545	1222	2140	1733	1263
454	771	1409	1851	764	1108	1424	2869	956	1022
446	1180	937	2526	1949	766	2040	3086	1909	971
574	728	1040	3193	1303	1094	1070	1171	836	2948
643	1233	940	541	1812	786	899	1139	1408	1907
1140	1036	1640	881	767	2108	3044	1316	2628	2182
1344	1241	862	1303	1025	2276	2118	1557	1167	1116
286	869	502	653	917	2043	1558	863	1611	1296
766	642	931	1364	771	931	2055	2876	1406	1950
702	1514	1219	1270	997	1365	977	2566	1211	1688
1310	655	1845	1007	1796	2068	2306	1905	1746	1571
1404	1064	718	1197	2006	1093	1523	2026	1009	1058
1777	851	1250	3723	893	2217	4022	1303	2167	2801
303	939	467	883	2023	2020	1486	1686	3226	1403
321	1388	885	1964	1173	949	1586	2468	1149	1785
740	1465	670	1321	1540	693	1351	830	2650	4145
640	1027	693	955	889	2835	2289	2259	2374	1157
740	1257	1085	1024	1446	1130	1575	1215	3271	2098
550	569	1641	953	852	869	1511	1411	2289	924
303	655	648	1033	5176	1432	1756	2210	1617	2388
766	1406	762	1046	821	1660	2196	3025	3751	1394
1028	659	1330	1953	1303	1681	2289	1122	2886	3131
263	503	974	1230	1222	1093	1615	1405	1703	1829
502	2265	1692	1064	1382	1411	1782	2598	1079	2031
427	1206	648	949	1368	2533	1773	137	2431	1753
1172	887	821	746	1555	755	170	1542	1093	1075
640	598	1174	1317	1084	2748	4280	2128	1961	1952
491	667	718	2674	1256	1551	2325	1303	1322	1307
881	504	1614	1132	338	738	2026	1459	2120	899
532	1201	995	1148	938	1646	1099	2431	3290	4141
786	489	489	1366	1409	2280	1786	1788	1046	2011
812	643	1267	1140	1804	1222	1804	3883	2147	1100
695	740	1045	972	1649	1932	1634	1768	1478	1222
876	486	1631	1868	1805	1449	2445	4233	767	2385
811	1340	569	502	1230	1094	1954	2026	1490	2353
1038	885	1236	1411	931	2134	1821	1348	1933	1222
465	1380	734	1799	715	1949	2253	1040	4408	2615
425	771	658	1040	1304	1189	2133	968	1729	2196
322	642	1219	1408	1720	1722	688	1461	1044	2906
1167	870	1596	638	1526	1093	931	1045	2605	959
1791	700	1722	698	1167	4443	775	688	1939	3054
756	1002	643	2017	608	899	2759	843	2705	1829
550	458	1415	2017	1085	1267	1597	1458	1228	2186
586	3035	338	1412	1629	1756	3150	1752	2458	1878
464	762	1027	1478	1204	311	767	1237	1058	1322
643	952	1620	1703	1065	893	170	1222	2112	2240
334	686	1056	1644	1488	3515	852	2113	2934	2801
936	1023	489	1340	1989	2244	1129	465	2823	3069
1176	769	747	767	3372	2704	1954	1458	2010	6936
1180	1171	848	856	1950	715	768	1814	1075	1308
147	734	1880	1313	1245	3052	1957	1046	1248	917
458	1281	970	645	1639	2127	1060	2142	1950	922
1811	877	723	1799	1694	1176	2069	1834	1551	2002
334	1152	733	1734	1429	645	2045	1909	2725	800
506	907	498	648	1765	1926	3843	1478	2004	2637
588	1082	931	1190	2486	1075	924	1877	1733	4803
561	744	1123	1456	3827	1038	4127	767	1431	2588
708	709	1261	1947	1872	5156	1185	2055	5228	755
747	1156	550	653	1065	899	1488	1126	1058	2390
501	647	1161	1641	1599	1521	922	1832	1879	1770
442	943	1559	1649	771	899	2226	1514	1770	2036
1463	907	1101	1631	4210	836	784	2096	775	1440
624	965	1090	653	1652	1329	1223	3678	767	1046
611	2578	1440	1669	1516	1093	880	1935	653	2457
1237	727	771	1571	922	3619	1475	2273	1747	989
795	982	458	1166	845	967	1206	1424	838	1411
786	489	467	1594	3228	775	3331	2026	1301	2849
338	794	1629	1531	820	1167	1364	1988	2074	3764
839	588	688	551	2858	2443	2862	1879	1673	1113
1227	801	931	1163	967	3833	1082	1009	1444	1307
779	1023	658	1103	1610	4302	1424	2598	2026	1621
837	1102	1168	1712	2199	1173	2237	2275	1267	2144
683	766	1146	997	405	2026	1173	2046	2634	956
592	1241	1162	638	1064	1436	3586	1173	1222	1852
771	724	795	1335	1193	3401	1167	945	1803	2469
481	126	1624	1875	1115	1777	1288	3319	3732	2488
774	1467	767	2512	767	1902	638	1030	1307	2305
841	1033	502	1433	1715	2659	1947	1326	1686	1742
1095	1781	1146	851	1490	3166	1650	1112	1760	1826
921	1566	1423	1365	932	2009	949	1173	2187	1474
1258	1163	1525	706	771	1914	1099	1046	2141	2345
738	1201	786	771	1173	502	1595	924	1173	1927
789	1384	1799	899	2541	795	3634	1433	1457	1744
590	1172	747	1360	1040	1600	1222	1402	1348	1469
1104	2311	1191	1791	1557	1122	977	1322	1581	4418
1091	1245	585	808	1102	946	931	1903	1047	1417
815	610	1123	2117	659	1337	2091	1397	1005	1759
574	1159	659	840	658	2528	2794	1082	1856	2885
1283	716	1200	147	771	1330	895	924	2365	3458
489	900	1065	1542	1713	1240	502	1241	3343	4387
462	544	643	771	1722	777	2181	1657	2163	2997
718	794	1336	2199	755	723	1086	977	2635	1437
607	813	869	931	1884	1231	2054	1267	1356	2754
433	556	1801	1483	771	1913	1193	1304	1082	1283
489	776	854	629	1006	1174	2076	1173	723	1150
489	724	1270	716	1345	1953	1885	1780	2342	2727
949	2748	757	674	1329	3575	1136	1322	2315	1487
681	590	1338	891	901	3963	924	1750	3990	1565
795	1061	1102	1446	1439	1277	3035	2303	2393	2352
599	1042	1415	1185	767	1360	1134	2093	1392	1157
502	1198	867	3698	2103	2181	1796	1101	1258	1554
649	1160	1091	1325	767	1503	3870	1353	2273	658
585	645	1184	1328	688	905	963	2691	2017	3040
1706	734	489	1292	6065	1172	1237	795	2971	1856
660	1465	723	1181	1561	3397	1508	2328	2506	2325
456	1526	1311	1222	755	911	638	3470	2684	769
997	296	1088	2076	775	1615	971	1301	3060	1931
604	1495	1270	1798	1201	1279	1964	2849	1091	2070
1614	1630	1662	1430	1479	1494	659	1805	899	1933
1020	582	771	489	893	2084	653	1916	1846	1458
714	1006	1430	589	1322	2096	1826	311	2252	2907
819	889	1212	776	494	1001	1900	905	1210	1460
734	1459	4164	1044	3044	2182	465	958	3394	1732
