0.01 percent	0.02 percent	0.03 percent	0.04 percent	0.05 percent	0.06 percent	0.07 percent	0.08 percent	0.09 percent	0.1 percent
2	9	1	7	43	3	88	14	4	20
32	12	20	11	9	26	52	14	30	98
31	8	7	50	7	3	80	120	89	405
1	7	20	52	76	25	8	60	28	84
1	2	27	109	23	84	7	15	17	6
13	5	1	34	46	60	29	39	67	76
0	10	10	23	6	20	67	16	4	76
0	3	3	12	0	61	6	140	5	46
5	14	20	11	58	25	92	3	96	14
4	2	0	19	13	29	15	123	31	106
0	2	13	11	1	5	29	62	8	113
1	5	21	11	70	15	3	46	102	86
2	15	14	1	53	55	68	60	230	55
0	23	7	17	4	45	160	47	55	148
1	38	10	27	19	62	6	18	45	105
6	14	6	10	102	144	3	40	26	5
0	5	29	7	8	3	25	83	72	22
1	50	58	21	11	27	16	101	34	24
1	2	0	35	32	4	38	17	5	603
0	1	21	23	13	42	13	14	222	10
3	16	15	14	34	36	17	85	37	150
2	4	147	18	49	5	2	75	43	68
2	9	9	24	10	24	6	38	24	22
12	11	23	18	0	21	6	3	213	17
3	13	7	2	14	44	14	45	4	32
4	11	1	311	71	0	2	13	11	39
8	25	13	17	4	28	23	96	3	26
13	12	0	92	36	33	9	29	60	117
11	14	5	52	124	19	5	72	70	38
1	6	29	10	9	13	4	10	61	23
2	2	7	8	11	39	79	70	1	63
2	18	22	57	3	30	10	83	45	146
22	7	44	335	29	1	57	8	76	14
2	11	39	25	361	13	84	15	92	29
23	2	3	14	7	40	3	48	68	27
15	14	29	19	79	21	4	7	52	67
3	1	2	15	54	28	7	18	39	21
4	9	19	12	40	40	167	8	105	33
6	25	21	7	35	20	29	53	65	6
0	7	29	39	1	48	4	134	60	31
17	6	12	25	121	12	12	31	47	9
2	17	48	4	17	4	38	16	10	36
5	0	22	31	37	3	225	38	39	22
4	2	26	55	87	44	31	64	77	27
1	3	125	4	32	16	95	10	11	69
8	4	5	32	119	68	62	147	19	14
2	1	8	3	11	22	42	4	11	19
4	4	32	4	29	31	10	41	70	114
5	7	90	27	9	69	15	23	23	85
5	88	17	36	1	64	17	63	72	5
4	2	22	22	59	10	15	103	21	359
1	17	4	29	13	44	0	23	11	14
5	13	8	24	7	14	13	64	93	112
2	1	60	1	32	19	3	50	91	7
17	2	35	5	28	44	74	36	26	57
0	4	21	62	5	21	44	34	45	43
7	2	26	13	48	6	51	41	26	19
10	1	50	4	5	17	94	4	19	38
9	3	1	12	19	42	46	72	73	19
4	18	22	1	4	5	523	17	33	78
1	51	83	14	21	50	81	20	2	13
1	0	11	18	77	13	11	63	61	113
2	0	0	5	7	70	59	70	13	68
1	53	2	2	18	61	23	141	29	178
7	6	10	116	17	10	61	74	207	85
14	14	22	3	38	41	181	111	74	63
1	22	17	32	18	30	4	24	52	129
6	18	26	4	5	15	31	107	26	68
11	3	32	46	36	11	17	264	96	11
5	10	4	20	28	15	70	92	95	26
1	3	3	86	10	3	377	25	82	82
3	13	0	6	62	14	48	14	128	15
8	1	0	53	10	8	2	53	27	34
6	13	3	7	305	18	52	85	11	6
0	1	87	7	1	73	59	336	53	59
4	1	17	47	22	31	37	15	2	52
6	1	3	23	13	6	93	45	93	22
0	2	33	14	8	4	9	345	25	31
4	11	0	27	15	42	9	5	103	3
3	9	13	7	21	7	455	10	27	30
13	11	1	88	41	9	45	119	97	27
7	2	2	27	112	78	10	76	50	30
5	31	27	21	3	45	42	35	8	2
24	20	3	98	2	6	28	36	43	66
10	5	18	64	8	21	51	10	27	4
6	2	7	14	3	2	21	70	35	30
2	10	57	6	11	4	82	21	36	3
2	20	53	0	143	4	71	72	89	15
2	4	6	21	37	30	21	49	94	88
1	0	8	13	17	7	16	9	36	175
20	0	17	7	11	140	9	11	28	128
4	2	19	1	17	4	53	45	36	181
0	11	2	6	3	5	66	15	198	43
15	7	16	13	1	4	13	19	0	107
0	39	10	40	86	4	49	317	130	65
5	15	2	12	78	5	2	7	115	136
0	3	17	93	7	17	212	23	89	84
3	2	7	9	320	16	21	61	83	10
19	21	28	76	5	16	5	24	47	107
8	0	7	17	8	9	33	77	163	71
2	2	39	3	22	17	19	98	23	54
10	16	13	85	81	31	19	10	106	10
62	17	3	35	62	42	5	68	76	86
1	9	13	1	41	29	2	237	64	11
6	32	78	48	84	3	5	22	690	72
0	9	41	11	44	49	29	63	95	90
9	4	42	4	8	40	36	29	35	77
7	18	5	4	39	8	1	63	44	66
3	24	9	3	26	937	72	48	16	21
0	28	42	87	23	95	20	81	58	171
10	21	4	3	39	41	18	11	48	45
2	5	73	9	10	38	4	89	133	0
0	6	40	3	7	24	115	0	87	49
1	10	110	62	38	58	3	8	39	86
5	43	3	1	5	12	59	69	19	581
8	5	2	18	3	16	64	6	45	74
5	1	1	24	26	15	13	68	6	99
101	21	52	9	7	7	27	65	106	41
3	3	1	28	13	46	412	59	8	1
2	8	18	36	60	3	16	14	132	15
7	22	4	12	325	36	108	3	114	39
3	1	9	32	8	50	53	83	24	25
1	18	17	27	10	50	123	3	5	32
2	1	19	48	6	82	144	18	5	101
6	4	14	33	39	17	7	175	53	88
2	53	60	2	16	47	65	86	8	52
22	9	1	39	9	94	37	94	76	42
1	0	37	53	0	4	9	21	17	10
1	6	1	25	1	51	9	22	128	68
7	28	11	117	44	46	14	9	11	11
0	20	0	11	48	50	11	502	10	40
16	10	0	43	20	31	18	79	18	57
4	2	106	18	29	23	6	25	3	61
2	0	2	6	45	51	10	101	174	49
1	15	1	3	4	4	96	5	70	15
11	0	45	38	20	50	20	8	121	11
7	2	148	210	14	27	183	14	28	40
12	45	44	26	16	21	12	89	17	145
5	19	2	19	17	7	76	69	57	7
6	19	18	24	0	28	91	29	27	11
6	1	7	4	60	66	5	25	22	26
1	1	7	10	53	79	84	12	25	132
23	0	6	8	46	25	3	68	67	102
2	2	5	80	215	26	4	0	55	94
3	4	8	0	2	43	38	86	20	134
1	6	1	14	28	9	142	4	547	10
8	5	30	3	321	111	47	4	75	86
0	5	7	66	31	18	5	139	16	10
7	3	8	29	25	6	60	39	53	68
4	9	3	2	33	29	7	20	239	23
4	3	3	6	24	54	66	52	29	40
3	22	36	9	433	81	221	102	49	147
1	18	17	98	55	12	30	53	279	58
0	18	8	5	22	21	54	94	18	120
0	14	42	23	47	101	48	5	67	65
4	16	7	4	13	99	4	56	4	5
0	37	6	12	40	26	58	72	16	74
2	0	1	4	42	3	139	69	19	27
4	31	35	20	17	691	52	65	26	222
12	19	22	28	103	51	11	39	381	10
1	7	21	12	6	9	31	87	30	382
30	3	24	33	3	6	26	88	28	26
5	1	3	25	39	89	14	126	184	33
12	6	4	18	1	30	71	89	145	23
10	2	78	18	17	36	54	59	78	72
10	9	3	34	28	20	103	18	577	93
3	13	2	7	42	64	5	13	15	81
0	5	4	48	11	13	53	43	149	31
4	19	8	4	8	32	9	158	43	95
0	14	202	22	2	49	11	79	15	10
0	0	4	49	9	32	64	73	63	67
6	12	1	13	2	6	33	125	18	20
16	20	2	205	49	26	41	79	22	17
6	0	3	104	172	39	4	82	72	63
9	4	2	57	5	18	36	104	7	4
7	16	3	31	26	63	42	49	52	79
0	10	2	7	104	5	53	7	86	12
5	28	0	62	4	4	61	37	33	20
0	2	39	50	40	4	11	36	1	4
3	5	3	27	13	1	47	6	56	27
0	11	18	57	3	25	3	354	34	55
6	2	71	26	31	2	68	104	119	20
2	6	49	22	2	36	75	110	12	79
1	9	50	18	34	33	84	25	124	51
8	8	2	3	25	22	5	83	9	17
3	11	1	30	5	78	87	35	4	43
7	8	1	46	6	43	3	17	111	2
2	12	17	4	9	38	15	5	86	47
2	12	9	0	2	17	3	27	54	137
6	18	4	65	60	10	66	32	68	109
26	8	5	66	37	17	70	195	4	107
0	21	43	2	2	84	527	111	104	74
2	9	4	55	19	2	4	14	95	16
7	5	11	39	37	0	2	40	78	34
0	13	1	29	14	27	65	46	113	12
0	2	4	2	55	2	15	15	21	3
5	2	6	35	17	17	15	129	71	55
0	10	22	45	10	65	234	39	60	141
7	3	30	41	49	59	53	57	91	72
4	14	2	4	20	15	39	34	5	9
16	5	10	35	2	41	4	50	66	194
0	9	15	16	24	33	54	24	37	190
7	15	17	91	8	2	23	11	16	10
3	15	53	26	5	13	22	47	20	4
4	1	36	1	25	16	9	79	22	517
157	5	21	59	2	8	148	7	18	6
13	16	3	81	24	34	91	62	17	16
9	228	37	27	22	62	64	31	122	89
12	20	10	10	16	79	95	44	32	98
10	0	31	10	3	7	3	2	24	151
7	124	22	6	6	15	11	19	32	206
1	2	32	45	56	93	92	136	102	109
0	16	3	8	26	18	48	83	13	84
7	7	23	25	30	37	16	19	79	22
1	31	2	8	9	21	235	59	44	3
3	23	56	260	67	23	11	276	76	130
13	1	23	3	89	4	65	11	63	42
4	18	12	13	55	2	47	52	62	19
2	9	11	46	39	103	35	60	20	5
11	8	5	13	6	4	73	54	60	85
1	10	8	15	36	3	18	70	7	81
10	0	12	7	3	72	24	29	46	31
9	8	0	41	11	7	8	71	22	67
7	0	1	1	66	32	18	40	19	12
7	14	0	16	12	15	82	65	7	3
0	5	10	24	50	22	11	50	79	42
99	7	97	24	16	10	6	80	12	14
6	8	12	75	46	4	3	18	3	1
19	11	29	148	29	11	6	84	11	5
11	9	39	9	9	10	4	79	57	38
4	1	11	14	39	59	5	18	18	107
18	0	8	57	2	7	2	95	65	33
11	9	6	35	18	28	22	24	15	10
9	1	4	49	67	32	33	26	36	34
2	2	20	8	47	57	1	23	2	4
1	10	8	3	39	29	61	9	68	167
2	16	2	7	13	101	41	45	27	45
0	1	16	5	103	16	5	108	40	118
12	4	10	13	29	436	46	7	159	17
12	3	24	15	80	2	2	55	41	13
14	11	80	5	3	11	50	194	307	36
11	3	8	26	106	1	6	154	35	213
1	12	20	8	4	64	32	16	48	55
2	35	36	18	30	2	108	145	90	102
2	6	7	39	15	4	75	77	50	7
10	4	35	5	4	45	78	53	72	65
8	13	6	1	10	3	33	193	4	57
0	10	1	57	60	57	188	75	4	40
20	24	11	59	43	11	6	79	61	6
0	2	27	278	2	47	71	120	114	208
0	9	14	15	4	5	34	6	188	4
10	4	0	35	12	2	27	49	133	99
8	7	23	4	5	18	14	56	11	107
1	53	112	8	4	140	8	6	29	51
9	6	4	77	66	48	64	8	12	168
15	9	13	3	26	24	37	3	9	35
9	15	7	22	10	11	34	27	10	100
8	7	5	65	104	8	17	73	68	95
0	0	9	6	3	35	11	70	5	72
3	23	16	42	73	17	57	142	171	24
1	19	74	24	116	44	34	26	4	12
0	5	8	11	32	6	70	39	20	36
4	4	7	114	46	8	89	45	11	17
46	18	23	9	6	21	11	151	76	196
9	1	2	2	37	8	55	76	85	29
3	10	19	65	15	1	13	2	3	72
14	8	5	10	52	32	54	28	59	21
3	5	7	36	39	42	33	65	29	187
7	0	23	20	43	70	26	58	246	33
4	22	70	8	35	103	62	1	39	437
3	2	69	3	4	6	24	64	33	2
2	10	8	84	19	5	31	35	3	18
19	1	0	17	51	37	30	2	38	23
0	31	1	21	17	1	126	89	97	35
1	13	7	3	17	202	7	47	87	190
5	99	37	19	0	9	1	74	11	43
5	10	15	6	24	38	36	11	18	24
0	20	30	29	6	75	27	95	70	1
7	14	11	38	18	36	8	3	24	14
6	1	38	24	17	78	2	30	10	0
6	13	28	15	11	11	3	14	14	184
10	34	7	7	15	7	8	10	9	121
0	1	4	34	17	0	3	7	97	13
14	13	20	10	21	2	73	32	61	90
0	19	10	22	31	5	60	36	138	52
2	77	6	12	32	132	8	11	62	143
0	169	1	24	21	334	11	22	41	50
1	6	4	4	54	12	11	9	104	75
2	43	38	0	48	15	49	22	5	88
5	13	121	9	19	14	31	62	146	81
0	3	6	1	17	34	38	96	127	19
8	17	111	65	6	36	137	13	70	23
2	23	16	4	6	31	62	30	264	21
2	4	46	44	40	25	17	111	75	109
8	19	22	21	12	21	30	26	228	40
79	2	4	22	23	9	245	11	5	93
0	34	17	27	35	17	67	22	11	11
22	3	11	3	5	7	25	3	56	159
14	16	87	6	2	123	19	221	18	33
4	5	2	5	9	11	23	21	66	73
2	0	30	2	14	23	165	103	143	73
11	18	20	7	337	261	17	16	24	12
10	14	38	22	37	69	32	79	6	3
5	3	28	10	55	16	13	89	18	45
7	3	48	121	9	14	128	167	60	79
8	18	3	15	18	85	1	31	167	99
0	26	4	2	46	44	83	69	281	17
1	1	48	24	80	123	11	26	123	36
0	5	20	7	70	6	5	13	57	44
2	6	8	31	2	20	65	61	10	125
2	8	1	15	48	1	11	26	122	20
8	7	5	11	22	40	26	1087	57	125
8	19	11	25	45	70	44	30	183	28
1	2	6	28	45	60	6	44	60	400
4	31	282	5	1	43	91	29	31	48
11	3	74	3	65	33	32	55	387	86
12	7	0	19	2	33	62	47	90	45
1	2	35	1	88	15	32	30	27	18
22	5	4	8	3	1	66	11	297	58
0	0	18	2	21	69	62	150	84	33
9	68	4	16	9	18	42	26	4	17
5	6	7	11	33	6	2	9	18	19
3	1	24	2	34	69	2	52	2	8
4	1	40	2	93	66	13	205	111	8
3	10	14	56	51	3	35	14	49	66
2	9	81	23	77	35	97	65	93	21
0	10	30	34	4	22	53	67	9	66
1	21	7	49	4	5	67	510	44	21
8	9	2	4	16	24	152	212	19	15
2	7	33	13	3	18	9	14	9	102
1	1	42	2	122	0	36	207	7	2
8	20	109	10	47	2	53	23	3	39
4	16	23	25	19	17	15	14	19	15
3	6	108	38	34	35	14	0	89	58
3	11	4	18	34	13	18	5	11	17
3	15	29	27	26	28	48	27	3	55
1	9	6	24	54	147	37	66	89	18
12	5	5	25	7	25	661	15	64	135
2	20	0	7	45	13	82	9	15	1
7	2	2	2	4	12	10	40	11	849
4	10	42	3	3	38	32	26	12	63
5	0	34	14	36	91	141	36	45	33
0	0	14	3	12	148	35	88	31	74
6	1	14	64	20	81	95	6	67	50
3	0	1	27	63	54	21	77	42	57
5	9	66	21	21	48	64	13	26	80
0	1	18	11	30	3	35	25	66	30
4	3	11	10	6	40	15	69	19	9
4	16	16	28	19	37	36	35	151	12
6	18	5	20	1	34	38	10	294	92
16	3	21	123	40	78	32	87	24	47
4	0	121	41	23	26	30	3	108	49
8	8	4	7	26	16	30	19	61	107
3	1	27	32	44	5	29	69	4	66
12	2	0	169	21	69	164	95	99	93
9	4	21	22	24	51	15	20	4	159
0	16	39	2	58	18	6	23	53	113
1	35	9	28	28	2	47	85	21	101
0	6	11	7	8	25	6	59	27	79
9	6	33	4	22	42	22	22	6	50
0	14	122	18	37	14	9	282	76	109
9	2	5	20	24	38	4	4	49	24
6	8	2	114	35	19	107	73	33	21
1	16	24	30	1	24	52	188	21	37
4	12	6	88	166	466	48	24	68	26
1	9	24	5	1	20	40	45	12	5
4	11	0	9	62	52	71	113	40	32
5	0	37	9	30	64	9	41	50	29
4	11	14	1	107	72	57	42	74	11
5	3	20	21	2	132	14	38	11	73
18	3	38	50	5	353	19	22	30	25
7	1	46	24	85	2	15	32	151	118
9	0	2	45	20	7	69	1	11	54
11	8	14	11	26	12	12	122	3	30
2	4	7	36	11	25	4	26	172	14
14	5	10	48	64	3	67	83	110	86
14	2	17	27	6	127	4	75	26	62
1	62	33	96	51	24	15	33	126	61
3	27	15	32	20	547	24	67	6	97
8	3	17	57	2	160	77	15	71	47
0	11	49	3	6	187	40	0	27	15
1	25	10	23	4	14	25	7	42	5
14	11	5	22	21	34	5	27	10	41
7	21	2	22	2	34	34	21	23	4
17	2	23	5	22	155	6	6	4	51
16	14	41	39	0	26	16	373	413	24
2	21	3	36	31	122	30	41	26	72
8	2	6	11	3	39	31	89	4	90
4	11	39	3	9	18	19	7	21	10
0	10	11	2	193	20	37	93	49	17
12	0	13	20	62	2	340	42	35	34
5	11	15	8	10	8	19	19	44	3
7	35	13	39	9	3	90	6	149	2
0	15	2	2	10	25	92	6	18	5
3	1	1	37	33	45	0	57	5	154
1	6	1	41	81	31	8	83	7	98
2	9	35	43	20	132	49	35	36	23
2	24	21	3	18	49	58	27	49	89
6	8	0	47	32	17	85	2	63	11
8	23	5	27	9	26	39	38	44	8
6	6	19	2	5	26	19	33	69	20
3	0	0	7	14	62	15	45	12	9
0	14	14	0	17	5	37	37	34	85
5	6	29	18	33	6	43	69	18	6
6	20	2	52	8	75	72	67	6	179
13	7	9	22	6	64	2	58	17	13
3	13	2	9	25	64	3	1	102	4
8	9	29	18	5	34	6	27	23	29
0	1	3	17	19	54	2	10	82	55
0	0	28	3	26	1	1	43	212	8
11	1	28	6	1	34	54	10	245	90
5	33	3	2	179	35	130	50	5	30
22	20	3	12	55	67	29	3	73	9
7	22	19	2	68	18	230	10	119	24
6	6	3	102	664	131	52	112	55	657
27	13	72	15	33	3	39	23	86	60
10	7	149	23	29	43	10	20	78	7
0	1	22	26	33	5	704	48	27	34
4	31	32	2	6	87	40	39	3	23
2	30	22	15	82	338	16	257	5	16
0	2	6	76	43	4	40	94	7	17
22	15	22	0	30	11	49	62	28	28
3	1	27	32	48	12	3	72	196	153
0	22	23	0	11	38	2	9	58	66
8	3	36	8	10	11	29	79	13	28
0	0	10	45	3	81	14	48	21	135
6	10	3	21	9	9	17	90	2	11
1	12	6	6	56	12	93	171	36	15
0	2	4	5	3	11	38	22	194	63
2	49	14	31	3	4	29	39	11	560
11	3	9	4	24	12	10	51	9	10
11	6	43	13	45	10	10	29	95	37
3	17	18	6	13	428	103	4	75	12
8	10	16	26	5	83	155	17	108	32
2	2	17	7	23	74	17	57	61	36
4	0	22	14	43	41	30	6	45	67
0	44	42	14	19	1	17	51	165	88
4	14	9	42	35	90	25	18	28	41
18	0	17	9	52	4	80	44	5	34
22	14	14	23	3	3	25	9	112	71
6	0	36	40	23	29	64	115	88	95
5	23	2	19	40	43	30	22	96	187
1	6	24	41	1	17	7	59	36	6
7	91	4	86	9	22	307	18	18	5
2	1	17	1	20	7	81	53	62	29
11	10	6	19	4	4	11	200	32	10
2	46	63	25	2	14	6	41	93	59
0	0	4	68	86	5	31	62	54	78
7	8	8	1	0	24	3	24	14	68
0	13	19	23	68	2	38	46	20	129
10	12	5	37	0	33	20	27	36	585
2	8	19	44	64	34	56	49	32	109
2	0	19	102	7	82	20	60	41	3
2	232	18	4	56	33	33	63	28	108
2	12	5	11	39	33	88	6	27	4
1	22	12	6	13	373	190	66	80	151
0	4	1	33	65	24	19	22	40	44
2	22	13	4	23	13	32	21	2	260
73	7	9	2	38	49	19	6	22	0
0	1	170	50	8	54	53	54	20	51
1	11	29	62	7	49	36	36	282	44
5	6	12	8	33	19	48	40	44	84
17	0	0	12	5	23	44	8	20	21
5	22	1	8	3	20	8	14	48	4
0	2	229	47	4	42	33	33	60	10
10	13	24	47	10	14	32	113	14	43
0	0	40	1	4	4	13	60	149	64
1	0	1	22	0	90	47	71	10	9
5	4	24	12	54	2	7	33	18	33
0	1	21	216	23	9	391	4	23	100
4	0	165	20	66	43	17	36	30	73
1	4	15	58	1	73	11	21	6	64
54	20	11	13	43	37	29	140	130	71
5	12	1	11	58	38	2	27	549	9
7	16	3	22	83	28	59	57	127	21
4	18	2	55	23	107	25	107	31	38
20	0	16	11	78	24	84	10	146	6
2	3	4	1	205	24	31	12	7	50
3	32	16	10	77	15	70	7	25	49
1	24	23	44	3	96	30	111	113	40
2	10	7	31	21	5	38	16	23	126
6	33	61	35	11	7	61	85	7	15
4	5	3	69	76	7	36	23	35	27
85	13	4	41	64	4	37	63	42	20
0	16	19	23	7	31	36	24	14	87
47	17	0	9	12	32	114	100	45	8
11	35	17	10	15	79	52	9	3	44
5	29	6	27	79	7	11	50	24	61
7	51	12	29	11	14	58	18	46	39
1	10	23	10	7	11	36	47	152	105
23	9	2	32	54	5	10	3	37	0
4	8	14	7	17	40	7	16	45	52
2	18	33	179	28	52	25	22	25	12
18	24	31	6	50	21	2	3	73	77
1	25	6	10	24	23	71	141	15	27
3	2	1	49	52	67	26	1073	29	35
7	7	14	40	5	55	92	66	8	62
3	0	24	13	82	44	85	112	44	93
8	5	13	6	5	13	28	14	14	119
2	15	18	41	17	57	3	12	13	6
