0.01 percent	0.02 percent	0.03 percent	0.04 percent	0.05 percent	0.06 percent	0.07 percent	0.08 percent	0.09 percent	0.1 percent
472	516	1055	586	1709	536	913	241	749	539
467	1246	699	241	1503	1130	739	603	730	855
262	871	325	828	759	620	249	1010	1803	598
369	687	1106	1613	647	1097	1055	1286	1603	1245
325	690	785	385	654	956	875	1497	728	1431
435	487	468	1456	841	763	1215	1382	2593	783
560	516	671	758	1541	1287	994	1704	1742	2985
405	519	659	413	78	732	921	527	1147	1357
253	786	676	77	470	781	2382	1313	1441	1392
652	972	815	810	1544	349	2302	1269	851	977
80	701	163	1613	1640	156	239	1085	1808	357
651	88	320	1029	1100	443	2053	624	574	1191
230	1020	1067	922	395	651	862	1031	2228	1809
769	642	413	1227	408	1083	1140	882	341	0
159	310	354	476	761	470	1760	1127	3455	2856
235	519	88	340	776	805	1034	2808	1752	509
749	292	97	1504	697	461	236	1975	1267	1097
580	533	164	954	757	4063	1519	1145	904	895
265	691	424	830	509	239	832	1396	1301	386
336	259	402	284	332	1207	951	1164	849	1071
407	388	1024	798	756	980	1966	294	1992	1514
209	164	326	306	879	700	2073	1457	750	1443
156	717	558	739	917	75	1020	1673	1398	1229
82	926	1326	937	854	1685	924	761	1412	4426
710	722	620	2160	472	494	1714	825	1819	2638
413	315	1114	693	1106	1064	332	2894	848	2157
321	778	0	769	1565	2680	762	1684	1007	1642
355	463	841	1169	879	459	1461	541	2040	1442
279	431	825	2189	1013	1140	987	2157	922	1101
857	242	699	608	1167	903	2158	1015	159	615
88	613	1237	434	1580	805	2644	470	2379	899
115	1176	501	1334	2349	1556	1018	834	1440	1580
533	0	1281	947	716	574	993	1031	1592	1580
466	166	885	432	497	657	2644	624	2839	1838
461	78	624	1183	229	661	965	335	2116	1566
642	238	456	1051	1033	1022	768	1689	893	1417
308	596	1406	229	650	158	1398	1465	586	466
219	340	540	1042	499	590	1987	1806	737	1245
489	837	248	1699	805	2460	1758	2768	2784	3098
391	236	443	327	1249	5038	1484	446	1750	2629
250	602	387	2275	723	731	1142	1015	661	405
82	263	218	935	798	1678	2875	1216	977	3492
97	308	678	323	1139	1470	476	1468	909	2186
83	579	356	3014	1289	1650	2143	487	2790	1194
164	353	506	1507	864	2186	633	644	727	1107
692	624	842	962	2171	1282	1760	1456	970	160
538	487	84	911	549	466	1409	172	7842	2085
261	328	541	929	704	1186	1603	1145	309	2061
259	78	1058	577	947	1212	1089	1927	1152	761
269	325	682	592	78	695	2120	393	4118	880
762	972	236	476	1055	311	517	810	2262	3047
482	628	374	313	1177	309	937	664	2445	2562
367	273	778	721	667	585	1354	1259	460	1950
311	309	362	159	1063	551	773	1895	1088	793
77	158	640	681	965	1767	1852	588	1035	342
383	166	734	500	1320	947	484	1048	2349	1867
0	472	0	659	613	1062	2183	1638	2533	1568
493	430	132	1541	959	1608	1809	159	1313	2997
203	422	494	467	1309	1089	502	2751	1676	1433
598	592	247	779	566	1167	676	1863	2204	701
166	259	1034	1204	647	544	925	1163	297	1148
181	165	81	1950	1274	548	3990	2355	619	2642
156	391	494	586	700	1572	1158	2613	398	1151
272	393	294	1562	349	1581	1088	1310	632	1615
658	897	1708	577	656	898	874	2443	587	1380
0	255	1029	366	1540	905	1528	868	1292	406
240	888	468	1384	970	911	483	1182	551	1272
793	95	729	825	819	667	631	2141	1353	1288
387	190	1029	1037	1012	1434	1058	1369	1849	1838
161	80	165	312	627	1181	843	1875	2228	1044
349	801	380	753	1174	828	803	333	1918	1820
165	795	393	643	470	1943	385	1859	1027	2604
348	77	839	1615	961	1501	845	1522	1689	1331
88	406	1935	972	989	1561	836	1327	3012	915
750	657	0	250	756	1124	1760	495	968	1524
401	132	362	776	0	229	533	3101	1458	2781
647	740	281	592	980	0	883	638	1532	643
263	480	620	921	539	308	164	1176	2914	2613
95	277	901	308	553	1221	794	172	155	2405
1170	346	481	909	633	1783	1225	1595	629	1396
393	874	822	160	682	1456	1070	804	808	1827
214	238	297	854	625	1002	2639	1720	246	920
437	648	161	681	1058	1518	612	1176	1963	1131
310	232	773	819	948	1701	1136	391	1505	641
311	160	785	320	1111	773	888	1728	1166	1510
300	83	813	358	1144	543	1227	985	798	1985
217	394	771	359	0	1110	1105	1797	1054	545
231	432	2082	1129	384	915	869	2570	523	1273
158	247	651	1133	740	582	699	158	942	855
263	82	949	198	629	767	2338	75	5631	1123
0	332	1097	308	154	387	922	874	938	1447
88	324	701	2567	1423	2890	1368	1599	375	1471
84	982	275	2521	945	761	631	1900	1147	1098
520	604	385	416	2896	946	785	2581	1340	501
449	739	367	990	654	807	1251	1504	1141	647
212	832	155	1035	1070	1247	1176	1432	823	538
330	0	365	570	582	235	1422	1353	1951	2162
174	388	408	508	316	881	862	773	858	1305
693	462	572	1439	580	3968	1751	1415	1678	2583
1223	796	1205	671	263	1230	2333	2122	1765	2524
496	88	1453	1091	574	325	2304	880	1592	1521
460	95	1120	1600	393	760	897	426	2010	1777
321	1177	638	1529	375	1215	3710	1278	1036	2270
196	895	741	668	873	756	1849	1104	622	1352
207	334	309	1383	1438	2227	767	1410	1588	1996
570	635	294	1012	503	318	1004	1453	2380	1812
155	523	565	1154	241	1211	4400	1137	1798	1132
415	638	91	555	1093	903	1481	1001	328	1124
273	82	82	1176	2309	2900	1339	1404	1022	2685
941	0	874	1141	337	322	1155	1297	534	2334
457	864	777	711	1447	1023	1223	2018	2552	1877
513	732	479	429	1563	1177	2181	1325	567	1876
392	554	514	396	331	806	948	807	479	1901
157	702	700	441	784	132	1352	615	2927	2029
156	609	452	1404	1298	153	1113	1513	1467	6412
332	481	365	744	689	615	1324	1366	1288	655
78	1500	257	1203	956	1207	247	1815	2535	1260
319	1220	1092	475	471	1150	895	661	931	749
179	224	366	461	327	245	2254	1136	2000	1160
450	388	1217	660	703	1597	1487	1258	568	1246
88	1266	807	1002	757	732	878	1737	1822	462
0	1058	696	3405	713	575	1390	2052	597	1654
591	247	1038	863	611	690	1338	1359	833	2150
203	580	858	1508	1149	2508	982	908	990	1868
189	780	173	580	695	79	572	697	2226	1359
468	677	708	497	1650	838	747	1770	1768	1177
312	173	238	614	4562	489	898	1132	1389	1198
536	803	551	446	1026	311	285	944	854	2680
373	413	525	341	1172	415	1416	2402	1830	931
168	426	1748	1233	1547	1224	1096	532	401	1040
171	742	0	1964	911	521	1089	2918	575	1991
80	311	469	969	2306	972	877	594	1917	694
644	406	602	1404	608	929	327	1518	1312	616
302	171	0	305	705	768	1503	1989	1817	1056
159	226	524	0	2119	1210	742	2129	1219	1054
300	545	1050	401	408	2767	771	1334	1076	1139
261	248	973	230	779	4267	1356	644	1595	699
99	951	593	1028	291	1139	1365	915	1619	1279
407	616	131	443	1026	330	1252	490	3496	1034
685	668	236	681	1573	382	1135	75	724	1506
261	479	75	1178	695	783	852	321	1749	1119
165	287	376	589	952	524	1052	1373	527	1344
396	243	847	1038	652	654	1918	1132	2325	1371
313	321	495	505	419	806	1098	927	1155	1110
522	321	1175	393	637	1197	647	491	1648	2736
391	159	710	277	403	1011	391	1595	439	1603
470	719	244	242	732	581	918	2010	1529	1726
203	531	310	391	321	717	800	1554	813	972
236	310	832	898	1052	961	1474	0	974	1913
694	852	1071	1549	1289	1802	1861	1352	375	1120
191	1555	858	869	2804	1178	3378	3144	1862	1491
325	703	651	1014	927	635	1525	433	1555	1057
243	157	1623	525	320	923	510	803	1474	1028
409	349	637	385	945	480	1061	483	1012	2456
200	509	155	555	374	430	1550	933	1337	2156
344	384	812	0	376	342	893	1742	1209	1323
289	341	279	610	1373	834	386	1258	2080	1180
286	410	750	525	1120	773	1108	1304	688	1522
479	77	509	1266	319	1215	880	1587	1060	1508
220	1129	562	296	764	869	552	576	986	823
156	546	750	685	565	1242	1687	1840	1583	1953
341	943	694	1470	665	1238	1092	1505	1125	446
496	833	390	164	1360	901	626	361	77	1137
97	789	593	997	1555	403	986	487	913	539
167	426	250	1130	429	704	383	979	1958	1939
393	725	837	156	411	498	1898	1056	3288	1878
296	1341	413	1105	1510	557	1017	699	932	1636
368	623	311	591	523	991	1128	3266	463	1792
903	624	1227	861	374	1284	603	1343	1691	994
264	327	2065	395	156	1781	1513	1417	2457	2262
606	458	882	681	981	1102	2031	909	1751	1097
444	989	345	154	1001	438	1070	898	896	3433
79	530	2683	628	579	1486	1916	4885	679	666
375	881	1277	1093	783	539	843	1278	1261	900
525	990	590	947	648	466	790	1462	890	3447
340	859	532	1276	683	1338	733	1827	2694	3568
501	252	914	614	448	75	1050	1092	742	1366
365	2420	572	756	414	750	917	381	1073	659
94	593	912	1005	307	532	2350	734	2984	1716
295	299	798	808	1051	571	247	1153	1212	4416
413	430	276	1079	964	1066	956	1322	2230	1057
520	379	1722	168	724	718	791	2440	803	712
466	231	1029	411	216	313	1165	857	692	1872
396	500	309	801	1046	659	1141	1241	1404	1038
365	595	879	308	1415	297	1273	1917	328	3682
796	340	725	667	321	740	6243	4024	1405	2014
405	744	733	464	1796	1474	836	545	1373	2290
694	761	729	158	583	796	1637	672	1092	677
200	339	1495	413	985	719	1962	1520	1148	2418
841	414	525	513	168	1404	2112	1110	1402	3058
427	81	468	327	1525	1100	691	744	79	2291
738	582	380	0	1492	630	1542	999	1749	842
311	477	296	977	817	739	900	784	463	1448
153	319	373	1397	1036	997	1383	234	954	589
319	634	410	397	662	470	654	858	1158	984
280	500	974	376	643	800	1643	1070	1143	314
272	190	390	697	236	1388	2783	936	1158	707
242	79	693	576	908	79	545	1265	2463	1741
839	589	657	875	257	874	1710	2574	1195	1014
76	370	505	236	1502	1121	1444	978	1614	1255
484	350	626	385	775	623	1271	3348	1095	1507
157	76	549	546	940	919	1201	1259	1152	2189
187	413	673	464	1042	722	542	915	810	1384
164	512	842	311	564	1629	1007	1803	1475	1719
442	713	250	387	436	982	685	274	708	2524
309	688	481	857	1232	953	1960	794	453	1228
439	965	1234	415	1813	1513	1952	2038	1267	2478
319	867	312	1329	1181	1472	1869	364	969	487
274	806	156	297	917	810	1315	1038	1282	2666
224	390	933	1338	607	312	880	1763	1790	1838
442	1722	542	448	613	592	158	1585	1900	1194
2271	648	448	318	1149	788	1272	1722	1425	1352
365	253	159	1005	477	1232	235	1007	1907	1385
410	774	599	745	1392	833	758	1056	900	845
574	317	252	388	222	156	705	443	1127	1026
418	888	237	464	709	1083	507	1677	992	616
239	385	2206	426	1397	861	2735	1606	387	160
444	625	729	1419	642	1267	0	159	1283	2464
81	158	615	1863	885	1142	1036	1000	2258	1850
377	995	811	876	826	1163	1188	689	746	772
914	548	234	974	1060	1262	311	712	861	622
320	470	689	647	415	1167	709	2030	683	2493
573	923	168	881	1055	398	388	1369	1060	947
165	350	1316	817	1417	2015	1657	1377	2495	1476
186	763	233	78	1002	626	379	737	1416	2157
242	560	991	1091	1278	1462	1196	1217	2550	3307
623	347	801	907	1695	1028	2133	797	688	1809
503	285	80	930	1726	1169	917	2426	1076	407
797	281	745	714	748	1545	1141	1145	5898	1479
348	170	687	362	879	1352	1120	4078	390	3175
391	522	407	587	667	628	1135	817	1118	474
166	88	1181	692	748	2665	457	1223	1124	3753
425	714	905	480	698	1091	1477	822	2071	1240
514	833	339	240	1826	579	1154	792	1664	1328
950	158	542	1307	1058	654	1320	1432	484	800
370	295	815	746	600	1610	561	542	1819	528
192	151	1034	447	888	626	1292	1183	1338	854
119	837	394	847	1706	2004	1308	461	1025	1569
0	519	625	709	1731	189	819	1409	1314	763
333	423	444	241	933	308	806	548	3243	2451
308	902	595	865	1034	1694	3285	933	383	393
341	254	722	310	541	3807	2188	1169	727	2967
0	366	690	1086	536	1026	1661	2823	541	1548
449	476	276	258	406	1847	2947	563	467	880
202	473	0	389	413	1049	1258	3523	1567	905
184	530	324	819	316	278	767	2205	1023	1538
153	407	710	327	402	1260	1074	1505	2808	1159
79	314	385	508	1300	1131	726	1734	2096	701
390	524	242	380	407	556	1257	232	2083	2107
75	843	1320	945	1341	860	921	737	941	615
527	917	408	819	543	577	747	998	739	3675
78	1462	384	1278	1193	623	2061	1639	5079	1046
77	172	604	928	521	1262	780	3180	1838	408
261	520	727	628	730	453	1560	248	2130	2358
495	366	429	3491	1857	393	404	1957	1818	2419
259	318	318	250	746	1146	1091	1051	1284	1361
690	328	535	734	862	82	1093	1249	1386	687
279	299	651	159	1306	1147	156	892	2448	1286
88	2823	1034	77	365	983	931	906	759	988
337	247	523	641	1080	408	236	911	984	569
423	154	724	1199	1256	758	789	1141	1671	2950
426	384	352	464	371	621	1003	277	1206	235
81	491	1923	1365	877	614	462	1004	649	1168
567	165	353	923	726	750	382	1496	714	2668
407	274	499	308	1350	784	674	920	164	1218
364	545	758	510	552	1160	325	1600	1311	1397
334	207	367	528	1615	662	943	1245	799	1340
163	424	694	1098	387	592	3323	430	1422	852
81	151	851	919	1209	1085	158	1890	2724	891
174	83	610	780	764	1523	622	1841	1056	1385
210	573	1147	401	685	1445	2256	881	1057	2287
337	556	401	78	1928	695	760	698	727	801
336	786	158	546	1785	959	540	764	1412	1071
231	784	649	305	729	946	2472	1479	1547	1935
246	453	459	556	921	1116	1281	482	1053	2275
0	461	484	3028	815	1306	2093	730	1382	450
701	475	468	989	1075	359	1922	855	596	408
379	366	406	788	600	609	78	1616	1067	1814
528	441	775	960	791	408	320	1889	499	1512
202	1084	327	769	784	609	956	1173	1247	899
245	393	527	334	1443	431	925	2207	1431	1487
531	1026	1141	464	3595	1716	1235	1451	1163	713
886	412	453	592	1292	1076	1559	769	734	1760
485	161	354	822	795	681	1311	800	862	1379
477	388	870	671	673	1102	1865	359	1000	1516
157	153	995	596	1085	324	1074	391	1758	1135
465	362	633	800	913	660	1158	1325	734	1486
168	335	155	367	585	1482	829	2501	698	988
571	905	774	797	461	1040	1128	1220	2647	1296
586	707	565	1518	244	1305	393	1384	1650	483
264	179	961	1238	850	1408	620	245	337	995
168	151	555	794	866	367	1046	933	1319	1437
253	668	312	903	1343	773	2234	1018	1886	2286
133	349	586	271	2511	791	1117	1313	1412	2181
78	989	173	560	1327	1302	2407	1140	308	747
518	767	1020	624	444	1577	1450	1157	1374	2659
408	450	619	718	792	1284	908	1240	1802	477
78	362	363	1088	1473	1132	1140	935	2109	933
1032	1398	1121	486	745	1097	507	3114	993	794
223	1142	792	794	1072	1106	3058	510	1866	560
209	495	330	1595	450	314	869	748	954	1285
259	1767	405	1486	1117	2442	1159	1013	726	2533
510	504	670	157	1269	1133	766	2948	2056	1889
235	546	636	1014	674	2425	1696	452	403	1662
231	213	1034	2692	1755	632	1258	398	3433	3301
77	157	335	883	884	829	1364	7758	2892	1570
647	396	1067	2039	1771	3034	278	1958	1186	1356
833	580	1184	78	1281	1544	2760	799	1586	503
593	653	327	239	198	699	981	858	1861	1866
630	218	493	996	150	1412	1394	895	304	634
79	371	334	345	1098	674	882	482	1846	2574
158	334	321	508	938	658	1447	626	1367	1362
429	744	716	2828	173	326	773	768	2130	2112
730	598	1102	397	759	960	1360	607	1670	1236
366	2319	365	1045	965	551	686	822	612	623
187	420	928	385	1278	1240	1981	310	1267	1450
335	401	421	1104	1039	732	973	2509	678	1667
85	264	401	924	330	828	505	1937	1132	1406
637	360	2115	886	798	1655	1528	1025	1580	1195
200	317	1259	214	1234	1324	256	1086	1064	687
407	582	712	483	793	1167	2502	1059	7365	940
132	735	198	0	417	325	926	546	75	1350
210	497	0	309	720	1193	1520	611	459	1151
588	663	440	242	816	1011	950	1628	897	960
661	312	919	156	803	922	1126	992	868	868
673	446	410	160	825	219	879	1521	1686	1669
186	300	154	942	1676	990	1375	1932	2150	4024
559	356	598	708	1376	1198	534	1292	1427	2233
635	497	669	174	764	739	753	664	660	1261
244	157	1245	1010	626	723	1389	1497	931	3372
289	492	601	1021	168	620	1593	1087	1018	858
518	666	0	716	779	1401	455	431	1831	1871
262	871	0	1007	782	608	764	1742	742	1465
77	922	1294	806	713	1439	5280	812	386	1540
426	500	543	1208	594	609	218	397	1838	466
373	186	387	872	1954	1465	1097	1759	2077	572
504	311	774	1156	638	1181	543	909	976	538
311	603	1054	385	155	847	1434	2029	1109	584
88	166	812	620	1303	1526	829	1160	455	160
107	80	625	719	1289	953	1235	2237	278	1519
378	706	431	1123	1474	815	1116	4455	1007	774
216	998	521	244	1977	893	914	1834	2416	995
759	357	531	716	556	1122	1801	1299	381	1129
1306	229	620	240	1504	1427	2164	722	2414	1380
430	274	973	1706	84	447	1069	2038	1634	1446
123	670	1011	157	473	1810	1771	799	3800	2946
150	379	1256	682	507	1010	1588	446	1418	2065
742	186	1017	765	684	804	1919	375	770	3183
486	698	317	1375	779	1458	1305	1249	2232	687
819	633	234	803	386	905	324	763	917	985
240	498	546	1150	996	1141	997	731	1207	2382
441	722	77	1067	968	3176	1168	2544	2931	961
487	740	456	944	1742	951	803	1148	1957	1116
1156	241	925	464	865	234	747	414	2009	1115
539	608	530	988	467	1454	1392	1551	1655	246
238	1038	353	1308	342	2147	2330	2072	1913	5899
173	536	1137	1429	809	813	1030	1496	477	1080
462	941	1266	1157	1223	1025	799	822	1794	6785
619	416	793	820	312	929	1220	940	1011	591
1113	81	631	501	865	1339	781	1572	4725	1122
521	606	2292	703	463	1433	460	452	1373	330
959	742	565	1084	810	961	482	1857	1471	446
0	77	867	242	79	1606	444	2477	2162	1920
283	875	470	705	597	577	1206	658	2055	2018
499	257	465	1278	162	1796	1386	160	1544	2482
251	423	387	1453	527	1492	1505	868	1120	1363
372	596	732	832	752	825	1012	1081	1779	1391
754	0	533	732	1860	960	1927	1352	1325	1065
356	645	653	667	1355	939	1074	638	79	696
279	92	340	967	1306	365	738	1807	829	1651
155	1259	986	986	677	958	1317	810	734	2269
84	0	807	551	1831	698	848	628	2046	1880
280	91	628	234	946	935	160	933	1327	1910
80	236	1437	1251	0	629	1977	603	3480	1197
80	78	500	377	1180	463	831	929	695	3129
383	463	595	1243	232	1384	1329	1564	887	1586
304	487	313	1175	827	1436	235	363	446	788
98	379	501	686	541	1272	560	1011	367	1134
152	349	319	233	1868	674	694	1048	1394	1499
453	350	654	236	964	957	320	1149	702	900
451	1198	2097	504	886	2283	871	1214	1881	718
155	485	543	551	1268	1568	1676	707	988	409
255	540	1007	75	310	758	1487	1114	884	1022
609	344	250	1833	1857	778	806	320	1796	3193
364	411	394	1112	542	1392	4803	797	3018	1134
782	678	534	308	710	911	869	1448	2238	367
87	542	712	741	1134	1172	830	745	1613	1219
259	926	276	1051	643	1167	316	1201	3032	1554
218	288	1819	454	414	471	618	1021	2915	833
0	268	651	927	233	895	1156	955	1101	1270
469	239	902	710	844	1585	738	1524	2613	88
376	479	683	650	443	165	154	773	1937	834
279	1129	622	433	647	795	1400	1101	1541	1798
341	168	707	165	646	750	1333	247	898	624
275	461	256	738	486	1543	234	850	1199	2971
211	159	690	235	1055	556	2496	849	1271	1360
157	181	79	3126	1408	966	534	1556	618	1404
932	289	910	655	461	1002	1204	831	408	322
298	513	587	241	2696	165	1097	1553	1347	1477
242	843	696	1944	559	2381	990	1119	910	1289
457	668	857	1044	630	748	801	1093	1078	612
953	646	2103	881	794	685	702	1420	857	1700
306	389	257	1074	622	1619	1416	951	1132	1433
0	1203	731	662	951	1818	847	1306	727	2870
309	412	492	750	1108	862	960	1978	1329	1960
761	605	1614	242	672	1776	738	922	2198	758
79	158	937	308	908	1940	4433	5938	550	528
490	1490	695	695	1013	569	1499	1406	1501	1534
586	427	339	1051	313	905	1103	910	976	737
519	1168	893	235	1106	499	1947	1954	1132	1477
614	539	679	885	918	378	1457	981	523	1903
497	227	491	881	810	762	2035	1277	931	1410
355	284	614	855	666	1490	405	315	1435	1564
490	649	599	618	794	1464	807	1389	868	1317
664	1408	159	721	542	1462	885	398	525	706
364	160	440	652	393	647	1490	1416	2213	1352
77	332	648	1034	1088	672	1865	393	632	767
636	155	81	1647	517	556	553	1275	256	1434
238	421	234	796	691	438	1056	393	3591	420
303	510	1269	903	627	1235	237	1529	718	1932
343	233	489	664	578	866	976	925	2841	3629
278	1017	291	486	469	1672	1080	2048	1180	1353
297	603	382	529	163	496	1400	1234	1694	1063
335	628	699	214	1838	495	621	701	830	1437
317	277	480	562	483	1962	1619	1917	538	3024
531	236	894	691	475	1588	699	555	1520	332
613	849	801	686	154	1973	1060	884	958	3096
234	358	676	1039	293	1127	811	1643	1768	2515
99	509	0	246	4662	1231	671	954	1484	735
548	369	282	807	1067	1351	1051	1685	981	1756
329	229	934	454	620	963	290	699	565	1671
779	311	522	332	1290	1265	532	940	1336	1578
77	925	627	2103	874	661	1442	332	899	1296
515	821	789	574	2090	919	1466	1634	1801	1443
312	479	1050	1158	587	1150	1876	940	864	1897
165	583	576	570	620	79	1029	1628	520	3071
874	318	757	1048	477	2155	1131	1137	866	1674
0	752	526	952	1685	2061	1242	761	548	1357
530	1077	1401	549	428	1065	548	774	1772	851
646	433	1602	655	798	1467	658	1503	1432	620
78	1649	443	781	865	75	963	2397	667	996
1050	523	643	426	723	1068	2357	1572	485	1150
132	175	805	1002	1090	648	1090	690	1691	2727
320	240	686	275	230	501	1092	819	1152	1253
647	95	410	628	320	1212	730	1312	738	847
182	485	759	1097	1247	1810	1626	2001	1380	1021
184	699	198	1252	560	404	953	553	332	958
312	346	1410	799	614	1521	1101	1012	1289	1722
78	499	198	717	234	1097	975	2504	1039	1318
254	709	412	369	1144	424	1154	1062	549	1291
354	554	387	797	742	905	1549	1917	701	1085
266	264	1557	1003	888	354	232	1465	1666	1508
744	190	0	103	1186	858	1652	745	969	900
368	236	610	366	409	1053	1560	729	1428	870
246	302	805	1144	213	1272	708	1268	633	1715
249	869	1090	159	1325	1657	955	995	1996	972
491	405	512	717	1017	897	461	1645	1643	3501
168	237	82	303	595	232	1082	2706	1119	1103
503	132	290	312	318	1294	446	1214	825	875
266	527	703	683	4181	810	1775	882	1277	1673
366	239	886	1248	819	854	545	1398	1440	1740
549	885	486	680	537	534	915	1284	1701	313
707	562	471	770	912	1301	938	1687	1568	795
341	901	758	734	265	1891	1411	2533	557	937
266	1140	1119	312	286	1987	1066	1259	2267	2338
159	371	706	568	696	784	1563	1761	621	608
386	253	869	739	833	3216	235	256	2286	1974
427	351	993	563	835	712	395	714	717	899
359	417	616	329	771	2427	1463	845	1416	1103
77	234	432	1044	712	1092	1435	3157	1255	2050
370	605	381	159	1340	1439	2374	1521	969	2392
544	1116	169	603	2038	755	1538	692	306	1645
81	156	666	874	772	974	995	1653	1128	712
432	797	1472	633	835	873	701	871	667	1097
168	392	575	342	388	398	968	1612	1533	2162
884	226	1065	890	357	909	915	807	1821	958
624	582	997	805	647	494	2777	771	2076	413
84	792	250	536	1037	594	1378	1562	1561	1218
242	287	464	0	963	608	1559	1439	860	2276
248	488	855	340	1659	606	2080	1026	1332	1240
732	667	1360	1057	918	618	172	5192	745	1670
1288	547	84	683	387	1060	1474	832	1143	1395
329	811	822	516	982	2694	804	815	155	1280
226	612	161	1099	722	837	1039	989	1457	1311
234	507	593	585	672	572	1312	945	3138	1851
341	1579	166	314	883	668	276	1215	1953	2008
82	510	694	772	478	1869	2518	944	692	847
88	314	604	713	1160	451	1421	625	899	2192
83	441	346	480	901	767	962	2123	325	1207
311	567	230	0	1309	1249	1183	886	1036	1379
383	577	1099	170	381	583	991	762	1181	1439
159	0	256	305	916	497	1803	3006	836	2022
349	2721	79	1385	1331	719	818	843	1071	1345
609	494	839	786	621	796	683	865	1009	1124
323	245	598	654	466	1172	1066	239	3299	2016
576	155	642	247	917	1396	1718	596	367	2674
406	279	300	1802	389	1971	926	860	855	311
242	763	307	533	306	600	993	1418	718	1602
231	379	364	1952	1543	2229	296	2959	975	1193
82	279	512	1411	2241	3060	2015	997	1250	743
