1 percent
11676
18019
14057
18929
6834
15000
10694
10877
10481
9334
16017
19065
9317
18019
10981
6841
12900
16107
9469
18017
7807
13212
10093
9469
9289
7166
9469
12900
17012
6993
10642
18175
10365
17848
13551
10195
7764
18136
16495
6683
11033
7807
6834
14684
13719
11111
10774
18990
10640
10922
13247
7411
16061
10005
13659
19323
17892
13030
19276
18136
14057
13211
6683
10922
9776
16219
13155
9578
7411
19224
18121
13793
17848
15740
15122
9212
6683
9500
7981
13659
17786
10877
11676
13701
14486
17738
10694
7411
10387
15846
6743
13354
9469
16835
12627
13659
10093
10640
13037
18949
2 percent
34511
15223
21780
23091
24438
35079
21274
19815
15223
18650
21627
18396
19966
14193
22128
17700
20512
17700
15715
23824
19956
16603
19613
15742
20896
23413
19521
22752
23551
24362
34955
22373
25557
15551
20214
16510
15062
20961
17730
24997
19869
22393
29093
30157
22186
21627
16515
21750
25204
21609
17864
18045
21627
15742
20240
19521
27240
19966
18699
34960
15069
22127
33670
24097
19763
18897
25557
31928
22815
20035
22752
26755
17654
21627
18493
17864
17318
25557
15390
34892
25328
34748
14616
22128
21246
15742
15518
14488
23103
17941
21179
22752
21363
18195
14639
17561
22728
19796
23628
18045
3 percent
41739
24802
41096
28104
41867
33541
21509
25206
41836
34933
28670
26870
41168
24528
29985
21717
33740
39251
21118
30021
28648
21827
29080
28624
41267
25206
25964
20834
30042
28142
30362
41109
23171
40114
27302
28802
41585
30967
28510
41223
41940
21827
20998
21827
42607
25553
29279
26133
28437
41302
39091
21204
26221
25206
26211
21407
42000
30096
28665
41674
24971
28451
30227
41337
21204
30446
21302
28802
23516
26859
20722
20585
24942
23699
30098
35154
41739
30684
37855
29591
40529
26362
28802
27852
31267
41222
35001
23171
21302
21364
30021
25321
25964
30021
29273
41677
32057
26420
41267
25134
4 percent
33544
29620
25802
34233
26666
35753
47692
26132
39244
28692
28195
34807
26249
46473
33194
30054
46729
35373
27585
32221
26531
46471
38309
29937
46656
47692
34665
31407
35740
29094
29620
35342
35702
32202
33143
46416
27356
46729
46734
47619
48119
33757
46473
47114
47899
27117
33194
33815
32994
38499
47461
35529
32994
35697
33086
35972
36420
27503
34513
34450
47899
28240
35740
35649
28003
35753
35644
33683
43562
36702
33194
28827
26037
31660
32828
35325
29462
46473
32949
35972
39244
32965
36026
27506
28070
35288
32700
47768
29937
46416
27950
29462
26531
32853
29017
27585
47897
28003
35342
32372
5 percent
36237
48980
32015
49277
31971
51944
51220
33071
46336
50184
39547
32199
41016
33086
52057
51295
35874
46338
51256
51602
36047
40790
39911
52125
50831
35697
32692
39520
37330
33870
39911
35829
32908
32143
36265
51788
38538
32258
51780
32405
51360
46855
38633
37732
32048
51944
42140
32048
37690
36455
34684
37869
48744
40741
32475
50989
38696
31697
51451
32692
32015
32226
51223
38904
31895
51868
51097
51148
50961
52022
36909
32547
47130
40582
34239
37924
35697
34689
32193
51262
36867
51519
33870
36699
35343
33870
46629
37183
51355
39911
32434
35697
46338
32072
51780
39090
51673
39792
49407
38009
