1 percent
17604
12852
18767
8242
12172
9308
9308
8398
18162
7402
12852
10624
8896
11479
8754
9489
7854
11843
9336
11807
17688
17778
10624
12234
7725
9642
11701
16728
18022
7549
9224
16231
11526
11167
7616
18367
7608
7624
9298
7611
17688
18119
7761
12041
9254
7447
7795
10419
17938
9642
17144
18056
8244
11968
11756
9614
7795
7761
12250
10974
11652
7448
7444
10782
9457
18059
18138
16393
7553
9457
14343
17982
8438
16498
11718
9464
10735
12609
11188
9489
14829
18022
18767
16231
7549
7545
11294
8522
9457
9454
12369
8929
11771
18136
12924
14140
10287
12037
11941
7613
2 percent
14090
15707
14872
30034
15853
19327
24147
13840
32125
14647
16509
17882
27913
16798
19211
18756
18680
15518
18860
30823
18381
32661
24687
23498
15214
23025
21526
19991
19487
33961
16006
31286
18419
19918
27338
13793
18332
19327
16233
21593
16006
16493
22989
19761
18500
19572
20859
19572
19748
19077
15960
23519
15518
27758
33976
15886
20926
23416
15150
17788
33536
15546
20859
33867
33873
19264
15916
17774
24252
14700
17124
22989
33794
16610
14460
33644
22320
18419
17602
18381
15960
19296
33097
16127
15079
15853
14913
18714
18221
15300
18646
15307
18911
33667
14872
33976
17259
22866
24687
34044
3 percent
25074
28471
22862
40733
24715
25574
28796
20532
20143
40926
33150
24108
23816
27780
27384
38131
20429
28366
22279
24209
29454
28631
28909
20143
28611
25840
19672
41300
31884
20862
40424
22399
27726
26213
25716
39223
33483
27384
23028
26964
27384
23028
41238
28905
22913
24715
40474
20539
40145
22246
19358
40746
24217
27525
26861
20051
21117
40995
28836
21808
40804
28940
28992
24715
27384
27869
28430
40708
21143
29571
25285
20029
28366
20529
22399
29217
22697
41009
41081
26354
39096
41648
27459
27757
40708
26817
40733
27884
40881
28737
20290
39068
41222
24380
28163
40028
28024
39068
28503
21308
4 percent
40542
46205
45621
30770
25390
30478
34428
32190
29063
29052
30591
29159
31559
27820
27705
46116
31337
25816
31559
28427
33907
31948
45714
34039
45927
32846
28758
27941
34197
40664
45280
27608
45104
26774
45371
46059
45321
25528
35319
46253
28350
45009
27820
27820
31736
27488
40925
32935
30744
34222
37272
45130
41037
31933
32010
29315
45553
36489
43946
33987
26825
31430
45515
46377
25877
25442
30818
31899
34043
33820
46208
35276
46238
31578
30051
25565
26984
32636
32021
45342
25870
34180
26778
27488
30591
31373
45462
28308
34139
34160
45057
34179
39835
32849
26639
34034
45121
38994
32137
38215
5 percent
38391
34522
36278
38746
38751
31232
50283
31592
35341
40227
31888
32916
31561
50086
49102
34522
31750
49549
49565
38192
40227
31559
37365
38155
41722
33559
50135
31651
48550
36970
31651
49714
37115
35539
34151
38594
47977
35174
36600
31430
35540
37731
49110
46853
37533
35755
49102
48493
33559
38128
49879
35919
49294
48902
32370
37989
49394
37851
48460
49394
33884
35170
49565
38271
35234
35215
38171
34522
32143
38694
38128
37980
35220
49289
34522
38012
31666
33419
31430
35646
48493
35556
50481
38100
36446
38090
49517
33905
37980
34141
33559
34986
38751
49102
50005
49249
34025
42073
32871
33415
